-0.420055 -0.046788 0.150698
-0.420055 -0.046788 0.150698
-0.420054 -0.0467879 0.150698
-0.420055 -0.0467901 0.150708
-0.420058 -0.0467992 0.150752
-0.420059 -0.0468139 0.150825
-0.420054 -0.0468821 0.150929
-0.420056 -0.0469002 0.15107
-0.420054 -0.0469328 0.151247
-0.42005 -0.0469843 0.151464
-0.420046 -0.0470456 0.151719
-0.420042 -0.0471182 0.15201
-0.42004 -0.0472017 0.152336
-0.420038 -0.0472972 0.152696
-0.420035 -0.047405 0.153088
-0.420034 -0.0475254 0.153507
-0.420033 -0.0476572 0.153952
-0.420034 -0.0478006 0.15442
-0.420035 -0.0479539 0.154907
-0.420037 -0.0481163 0.155409
-0.42004 -0.0482855 0.155923
-0.420045 -0.0484608 0.156447
-0.420049 -0.048641 0.156979
-0.420054 -0.0488252 0.157518
-0.420058 -0.0490106 0.158059
-0.420062 -0.0491964 0.158602
-0.420067 -0.0493817 0.159147
-0.420072 -0.0495653 0.159694
-0.420076 -0.0497461 0.160244
-0.42008 -0.049924 0.160799
-0.420085 -0.0500988 0.161358
-0.42009 -0.0502699 0.161925
-0.420096 -0.050437 0.1625
-0.420101 -0.0506002 0.163086
-0.420108 -0.0507595 0.163683
-0.420115 -0.0509145 0.164293
-0.420124 -0.0510652 0.164917
-0.420133 -0.0512126 0.165555
-0.420143 -0.0513566 0.166206
-0.420155 -0.0514965 0.166874
-0.420168 -0.0516327 0.167557
-0.420182 -0.0517659 0.168256
-0.420198 -0.0518968 0.168972
-0.420216 -0.052026 0.169704
-0.420236 -0.0521537 0.170452
-0.420257 -0.05228 0.171217
-0.420282 -0.0524061 0.172002
-0.420309 -0.052532 0.172805
-0.420337 -0.0526583 0.173624
-0.420369 -0.0527855 0.174462
-0.420403 -0.0529136 0.175315
-0.42044 -0.053044 0.176183
-0.420479 -0.0531761 0.177064
-0.42052 -0.0533098 0.177958
-0.420563 -0.0534453 0.178866
-0.42061 -0.0535823 0.179787
-0.420658 -0.0537212 0.180721
-0.42071 -0.0538621 0.181667
-0.420764 -0.0540042 0.182624
-0.42082 -0.0541471 0.183591
-0.420879 -0.054291 0.18457
-0.42094 -0.054436 0.18556
-0.421003 -0.0545817 0.186559
-0.421068 -0.0547275 0.187567
-0.421136 -0.0548732 0.188583
-0.421206 -0.0550188 0.189608
-0.421278 -0.0551635 0.190642
-0.421353 -0.0553069 0.191685
-0.42143 -0.0554485 0.192736
-0.42151 -0.0555881 0.193795
-0.421593 -0.055725 0.194864
-0.421678 -0.0558591 0.195943
-0.421766 -0.0559905 0.197035
-0.421857 -0.0561183 0.198135
-0.421952 -0.0562423 0.199249
-0.42205 -0.0563606 0.200372
-0.422152 -0.0564727 0.201507
-0.422256 -0.0565782 0.202653
-0.422364 -0.0566755 0.203812
-0.422476 -0.0567654 0.204982
-0.422592 -0.0568478 0.206166
-0.422713 -0.0569216 0.207367
-0.422838 -0.056987 0.208583
-0.422968 -0.057044 0.209814
-0.423105 -0.0570919 0.211063
-0.423247 -0.057131 0.212328
-0.423395 -0.0571598 0.213612
-0.423548 -0.0571783 0.214913
-0.423708 -0.0571872 0.216229
-0.423876 -0.0571851 0.217565
-0.42405 -0.0571723 0.218918
-0.424231 -0.0571489 0.220289
-0.424419 -0.0571151 0.221677
-0.424615 -0.0570711 0.223083
-0.424819 -0.0570159 0.224508
-0.42503 -0.0569506 0.22595
-0.425249 -0.0568759 0.227408
-0.425475 -0.0567918 0.22888
-0.425708 -0.0566969 0.230368
-0.425948 -0.0565926 0.231869
-0.426195 -0.0564788 0.233383
-0.426449 -0.0563555 0.234907
-0.426709 -0.0562229 0.23644
-0.426974 -0.0560814 0.23798
-0.427243 -0.0559329 0.239525
-0.427517 -0.0557774 0.241076
-0.427794 -0.055615 0.24263
-0.428075 -0.0554464 0.244188
-0.428361 -0.0552715 0.245749
-0.42865 -0.0550913 0.247312
-0.428941 -0.0549068 0.248875
-0.429235 -0.0547186 0.250437
-0.42953 -0.054527 0.251998
-0.429827 -0.0543326 0.253557
-0.430125 -0.0541361 0.255114
-0.430424 -0.0539382 0.256668
-0.430724 -0.0537397 0.25822
-0.431026 -0.0535412 0.25977
-0.431329 -0.0533428 0.261319
-0.431632 -0.0531454 0.262865
-0.431934 -0.0529492 0.264411
-0.432236 -0.0527541 0.265954
-0.432537 -0.0525602 0.267497
-0.432836 -0.0523679 0.269039
-0.433134 -0.0521768 0.270582
-0.43343 -0.0519872 0.272125
-0.433724 -0.0517989 0.273668
-0.434016 -0.0516124 0.275211
-0.434307 -0.0514281 0.276757
-0.434596 -0.0512457 0.278305
-0.434885 -0.0510645 0.279857
-0.435172 -0.0508841 0.281413
-0.435459 -0.0507044 0.282973
-0.435744 -0.0505257 0.284538
-0.436029 -0.0503488 0.286107
-0.436312 -0.0501758 0.287683
-0.436595 -0.0500057 0.289262
-0.436877 -0.0498375 0.290845
-0.437157 -0.0496711 0.29243
-0.437436 -0.0495074 0.294017
-0.437713 -0.0493473 0.295607
-0.437989 -0.0491901 0.2972
-0.438264 -0.049036 0.298793
-0.438538 -0.048885 0.300389
-0.43881 -0.0487368 0.301984
-0.43908 -0.0485903 0.303579
-0.439348 -0.0484451 0.305172
-0.439614 -0.0483004 0.306763
-0.439879 -0.0481552 0.308351
-0.440142 -0.0480092 0.309936
-0.440403 -0.0478628 0.311519
-0.440663 -0.0477156 0.313098
-0.440921 -0.0475679 0.314674
-0.441178 -0.0474194 0.316247
-0.441433 -0.0472695 0.317816
-0.441687 -0.047118 0.319379
-0.441938 -0.0469648 0.320939
-0.442188 -0.04681 0.322494
-0.442437 -0.0466536 0.324046
-0.442683 -0.0464955 0.325596
-0.442928 -0.0463366 0.327145
-0.443172 -0.0461771 0.328692
-0.443413 -0.0460167 0.330239
-0.443653 -0.0458552 0.331786
-0.443892 -0.0456927 0.333334
-0.444128 -0.0455295 0.334884
-0.444364 -0.045366 0.336436
-0.444598 -0.0452015 0.337992
-0.44483 -0.0450366 0.339551
-0.445061 -0.044873 0.341114
-0.445291 -0.0447116 0.342681
-0.445519 -0.044552 0.344252
-0.445746 -0.0443942 0.345828
-0.445971 -0.0442388 0.347409
-0.446195 -0.044086 0.348997
-0.446418 -0.0439354 0.350591
-0.44664 -0.043788 0.352191
-0.446859 -0.0436452 0.353797
-0.447078 -0.0435071 0.355409
-0.447295 -0.043373 0.357026
-0.447511 -0.0432437 0.358648
-0.447725 -0.0431189 0.360274
-0.447937 -0.0429991 0.361902
-0.448148 -0.0428855 0.363533
-0.448358 -0.0427767 0.365167
-0.448565 -0.0426724 0.366801
-0.448772 -0.042572 0.368435
-0.448976 -0.0424764 0.370069
-0.449179 -0.0423852 0.371702
-0.449379 -0.0422977 0.373333
-0.449579 -0.0422141 0.374962
-0.449776 -0.0421337 0.37659
-0.449972 -0.0420569 0.378218
-0.450166 -0.0419835 0.379843
-0.450359 -0.0419131 0.381467
-0.45055 -0.0418453 0.383089
-0.450739 -0.0417791 0.384708
-0.450926 -0.0417143 0.386326
-0.451111 -0.0416503 0.387943
-0.451295 -0.0415854 0.389559
-0.451477 -0.04152 0.391177
-0.451659 -0.0414548 0.392798
-0.451839 -0.0413902 0.394422
-0.452018 -0.0413253 0.396051
-0.452197 -0.0412609 0.397685
-0.452375 -0.0411986 0.399323
-0.452552 -0.041138 0.400965
-0.452728 -0.0410782 0.402611
-0.452904 -0.0410195 0.404261
-0.453078 -0.0409627 0.405914
-0.453252 -0.0409063 0.407569
-0.453424 -0.0408508 0.409224
-0.453595 -0.0407975 0.410882
-0.453765 -0.0407478 0.41254
-0.453934 -0.040702 0.414197
-0.454101 -0.0406607 0.415851
-0.454267 -0.0406238 0.4175
-0.454432 -0.0405911 0.419143
-0.454595 -0.0405636 0.420778
-0.454756 -0.0405396 0.422404
-0.454915 -0.0405177 0.424019
-0.455072 -0.0404971 0.425623
-0.455228 -0.0404776 0.427217
-0.455381 -0.0404583 0.4288
-0.455533 -0.0404399 0.430373
-0.455683 -0.0404228 0.431935
-0.455831 -0.0404077 0.433487
-0.455978 -0.0403945 0.435028
-0.456122 -0.0403827 0.43656
-0.456266 -0.0403717 0.438081
-0.456407 -0.0403612 0.439593
-0.456547 -0.0403511 0.441096
-0.456686 -0.0403412 0.442588
-0.456823 -0.0403315 0.44407
-0.456959 -0.0403215 0.445542
-0.457093 -0.0403109 0.447003
-0.457226 -0.0402992 0.448454
-0.457358 -0.0402867 0.449895
-0.457488 -0.0402738 0.451327
-0.457617 -0.0402613 0.452748
-0.457744 -0.0402494 0.45416
-0.457871 -0.0402385 0.455563
-0.457996 -0.0402284 0.456956
-0.458119 -0.0402196 0.45834
-0.458242 -0.0402119 0.459715
-0.458363 -0.0402048 0.461081
-0.458483 -0.0401986 0.462438
-0.458602 -0.0401932 0.463787
-0.45872 -0.0401893 0.465127
-0.458837 -0.0401869 0.466458
-0.458952 -0.0401862 0.467782
-0.459066 -0.0401875 0.469098
-0.45918 -0.0401909 0.470407
-0.459292 -0.0401964 0.471708
-0.459403 -0.0402041 0.473002
-0.459513 -0.0402136 0.474288
-0.459622 -0.0402249 0.475565
-0.459731 -0.0402374 0.476834
-0.459838 -0.0402508 0.478093
-0.459944 -0.0402644 0.479344
-0.46005 -0.0402771 0.480585
-0.460155 -0.0402886 0.481818
-0.460259 -0.0402995 0.483043
-0.460362 -0.0403097 0.484259
-0.460464 -0.0403194 0.485469
-0.460566 -0.0403289 0.486671
-0.460667 -0.0403381 0.487866
-0.460767 -0.0403475 0.489054
-0.460867 -0.0403568 0.490234
-0.460966 -0.040366 0.491407
-0.461064 -0.0403749 0.492573
-0.461162 -0.0403829 0.49373
-0.461259 -0.0403904 0.49488
-0.461355 -0.0403974 0.496022
-0.461451 -0.0404041 0.497157
-0.461547 -0.0404106 0.498285
-0.461642 -0.040417 0.499404
-0.461737 -0.0404237 0.500516
-0.461832 -0.0404307 0.501619
-0.461926 -0.0404378 0.502715
-0.46202 -0.0404449 0.503802
-0.462114 -0.0404521 0.504882
-0.462208 -0.0404589 0.505953
-0.462303 -0.0404658 0.507016
-0.462398 -0.0404727 0.50807
-0.462494 -0.0404793 0.509117
-0.462591 -0.0404857 0.510155
-0.462688 -0.0404916 0.511186
-0.462786 -0.0404966 0.512209
-0.462885 -0.0405011 0.513225
-0.462984 -0.0405052 0.514232
-0.463084 -0.0405089 0.515231
-0.463185 -0.0405125 0.516223
-0.463287 -0.0405162 0.517206
-0.463389 -0.0405203 0.51818
-0.463493 -0.0405251 0.519147
-0.463597 -0.0405307 0.520105
-0.463701 -0.0405369 0.521054
-0.463805 -0.040543 0.521996
-0.463909 -0.0405488 0.52293
-0.464013 -0.0405545 0.523856
-0.464117 -0.0405601 0.524775
-0.464221 -0.0405656 0.525688
-0.464326 -0.0405713 0.526593
-0.46443 -0.0405768 0.527492
-0.464535 -0.0405817 0.528384
-0.46464 -0.0405862 0.52927
-0.464745 -0.0405905 0.530149
-0.46485 -0.0405945 0.531022
-0.464955 -0.0405981 0.531889
-0.465061 -0.0406007 0.53275
-0.465166 -0.0406029 0.533604
-0.465271 -0.0406045 0.534452
-0.465376 -0.0406057 0.535294
-0.46548 -0.0406065 0.536129
-0.465584 -0.0406069 0.536958
-0.465687 -0.0406066 0.537782
-0.465791 -0.0406049 0.5386
-0.465893 -0.040602 0.539412
-0.465996 -0.0405976 0.540219
-0.466098 -0.0405917 0.541021
-0.4662 -0.0405838 0.541819
-0.466301 -0.0405734 0.542611
-0.466402 -0.0405611 0.543398
-0.466503 -0.0405463 0.544181
-0.466604 -0.0405293 0.544959
-0.466704 -0.0405102 0.545733
-0.466804 -0.0404878 0.546504
-0.466904 -0.0404625 0.547274
-0.467004 -0.0404351 0.54804
-0.467104 -0.0404058 0.548805
-0.467203 -0.040374 0.549568
-0.467302 -0.0403403 0.55033
-0.467402 -0.0403047 0.551092
-0.4675 -0.0402672 0.551855
-0.467599 -0.0402289 0.55262
-0.467697 -0.0401895 0.553387
-0.467794 -0.0401493 0.554156
-0.467892 -0.0401084 0.554928
-0.467989 -0.0400665 0.555702
-0.468086 -0.0400235 0.556478
-0.468181 -0.0399793 0.557258
-0.468276 -0.0399332 0.558042
-0.46837 -0.0398831 0.558832
-0.468462 -0.0398278 0.559629
-0.468554 -0.039769 0.560434
-0.468644 -0.0397087 0.561246
-0.468735 -0.039646 0.562064
-0.468826 -0.0395809 0.562892
-0.468918 -0.0395158 0.563727
-0.469009 -0.0394521 0.564568
-0.469099 -0.0393892 0.565416
-0.46919 -0.0393269 0.566269
-0.469281 -0.0392647 0.567126
-0.469371 -0.0392024 0.567986
-0.46946 -0.0391396 0.568849
-0.46955 -0.0390766 0.569715
-0.469638 -0.0390141 0.570585
-0.469726 -0.0389528 0.571454
-0.469814 -0.0388936 0.572324
-0.469902 -0.038837 0.573194
-0.469988 -0.0387825 0.574065
-0.470074 -0.0387286 0.574935
-0.470159 -0.038674 0.575807
-0.470242 -0.0386186 0.576682
-0.470323 -0.0385625 0.577559
-0.470402 -0.0385071 0.57844
-0.470479 -0.0384539 0.579326
-0.470555 -0.0384037 0.580216
-0.47063 -0.0383563 0.58111
-0.470704 -0.0383111 0.582007
-0.470778 -0.0382673 0.582908
-0.470851 -0.0382237 0.583812
-0.470924 -0.0381807 0.584719
-0.470996 -0.0381382 0.58563
-0.471068 -0.0380965 0.586542
-0.471139 -0.0380553 0.587456
-0.47121 -0.0380133 0.588371
-0.471281 -0.0379701 0.589288
-0.471353 -0.0379262 0.590203
-0.471426 -0.0378823 0.591118
-0.471498 -0.0378388 0.592031
-0.471571 -0.0377964 0.592941
-0.471643 -0.0377553 0.59385
-0.471716 -0.037715 0.594757
-0.471788 -0.0376741 0.595664
-0.471861 -0.0376332 0.59657
-0.471933 -0.0375935 0.597475
-0.472005 -0.0375557 0.59838
-0.472077 -0.0375206 0.599282
-0.472149 -0.0374889 0.600183
-0.47222 -0.03746 0.601081
-0.47229 -0.0374332 0.601976
-0.472361 -0.0374081 0.602867
-0.472431 -0.0373844 0.603752
-0.472501 -0.0373617 0.604631
-0.472572 -0.0373396 0.605501
-0.472643 -0.0373181 0.606364
-0.472714 -0.0372973 0.60722
-0.472785 -0.0372778 0.608067
-0.472857 -0.03726 0.608907
-0.47293 -0.0372443 0.609739
-0.473002 -0.0372302 0.610562
-0.473074 -0.0372175 0.611378
-0.473147 -0.0372062 0.612187
-0.473219 -0.0371959 0.612988
-0.473291 -0.0371863 0.613781
-0.473363 -0.0371773 0.614565
-0.473436 -0.0371687 0.61534
-0.473508 -0.0371599 0.616106
-0.473581 -0.037151 0.616862
-0.473654 -0.0371421 0.617608
-0.473727 -0.0371326 0.618344
-0.473801 -0.0371223 0.61907
-0.473875 -0.0371108 0.619786
-0.47395 -0.0370979 0.620493
-0.474024 -0.0370841 0.621191
-0.474099 -0.0370696 0.621879
-0.474173 -0.0370548 0.622558
-0.474248 -0.0370397 0.623227
-0.474323 -0.0370248 0.623885
-0.474399 -0.0370106 0.624533
-0.474474 -0.0369968 0.62517
-0.47455 -0.0369825 0.625795
-0.474627 -0.0369679 0.626409
-0.474704 -0.0369521 0.627012
-0.474782 -0.0369354 0.627604
-0.474861 -0.0369191 0.628183
-0.47494 -0.0369047 0.628749
-0.475021 -0.0368931 0.629302
-0.475102 -0.0368846 0.629842
-0.475185 -0.0368788 0.630369
-0.475269 -0.0368741 0.630882
-0.475353 -0.0368713 0.631383
-0.475438 -0.0368697 0.63187
-0.475523 -0.0368691 0.632344
-0.475608 -0.0368689 0.632804
-0.475693 -0.0368696 0.63325
-0.475779 -0.0368722 0.633684
-0.475864 -0.0368762 0.634106
-0.47595 -0.0368822 0.634515
-0.476036 -0.0368894 0.634914
-0.476123 -0.0368972 0.635302
-0.47621 -0.0369056 0.635678
-0.476297 -0.0369151 0.636044
-0.476385 -0.0369254 0.636399
-0.476429 -0.0369308 0.636573
-0.476561 -0.0369489 0.637079
-0.47665 -0.0369617 0.637405
-0.476739 -0.036975 0.637721
-0.476828 -0.0369887 0.638029
-0.476917 -0.0370025 0.638329
-0.477007 -0.0370177 0.638622
-0.477097 -0.0370333 0.638908
-0.477187 -0.0370495 0.639189
-0.477276 -0.0370671 0.639463
-0.477366 -0.0370859 0.639734
-0.477456 -0.0371064 0.639999
-0.477547 -0.0371288 0.64026
-0.477638 -0.0371533 0.640516
-0.477729 -0.0371798 0.640767
-0.477821 -0.0372074 0.641013
-0.477914 -0.037236 0.641255
-0.478008 -0.0372644 0.641491
-0.478102 -0.0372917 0.641722
-0.478197 -0.0373177 0.641948
-0.478293 -0.037343 0.642168
-0.478391 -0.0373678 0.642384
-0.47849 -0.037393 0.642593
-0.47859 -0.037419 0.642797
-0.478691 -0.0374467 0.642993
-0.478795 -0.0374764 0.643183
-0.4789 -0.0375075 0.643364
-0.479006 -0.0375383 0.643538
-0.479113 -0.0375675 0.643702
-0.479221 -0.0375954 0.643858
-0.47933 -0.0376221 0.644005
-0.47944 -0.0376481 0.644144
-0.479551 -0.0376742 0.644274
-0.479663 -0.0376999 0.644395
-0.479776 -0.0377246 0.644507
-0.47989 -0.0377487 0.64461
-0.480007 -0.0377731 0.644703
-0.480124 -0.0377981 0.644785
-0.480243 -0.0378231 0.644857
-0.480364 -0.0378466 0.644919
-0.480485 -0.0378685 0.644972
-0.480609 -0.0378888 0.645015
-0.480733 -0.0379082 0.645049
-0.480859 -0.0379269 0.645076
-0.480986 -0.0379447 0.645097
-0.481113 -0.0379611 0.645109
-0.481241 -0.0379776 0.645116
-0.481368 -0.0379954 0.645118
-0.481495 -0.038015 0.645114
-0.481622 -0.0380369 0.645105
-0.481749 -0.0380614 0.645092
-0.481876 -0.0380887 0.645073
-0.482003 -0.038118 0.64505
-0.48213 -0.0381484 0.645023
-0.482257 -0.0381787 0.644991
-0.482385 -0.0382095 0.644954
-0.482512 -0.0382402 0.644912
-0.48264 -0.0382721 0.644865
-0.482767 -0.0383056 0.644815
-0.482895 -0.0383418 0.644761
-0.483022 -0.0383812 0.644704
-0.483148 -0.0384248 0.644642
-0.483275 -0.0384733 0.644576
-0.483402 -0.0385267 0.644506
-0.483528 -0.0385841 0.644432
-0.483654 -0.0386458 0.644353
-0.48378 -0.0387109 0.64427
-0.483905 -0.0387789 0.644181
-0.48403 -0.0388491 0.644087
-0.484155 -0.0389203 0.643987
-0.484218 -0.038956 0.643936
-0.484405 -0.0390643 0.643772
-0.484531 -0.0391371 0.643654
-0.484657 -0.0392111 0.643528
-0.484783 -0.0392863 0.643394
-0.484909 -0.0393613 0.643252
-0.485035 -0.0394351 0.6431
-0.485162 -0.0395078 0.64294
-0.485289 -0.0395785 0.642771
-0.485415 -0.0396475 0.642595
-0.485543 -0.0397135 0.642409
-0.48567 -0.0397766 0.642214
-0.485798 -0.039837 0.64201
-0.485926 -0.039895 0.641797
-0.486055 -0.039951 0.641573
-0.486184 -0.040004 0.641337
-0.486314 -0.0400531 0.641092
-0.486444 -0.0400986 0.640838
-0.486574 -0.0401407 0.640576
-0.486705 -0.0401791 0.640306
-0.486835 -0.0402139 0.640027
-0.486966 -0.0402454 0.639741
-0.487097 -0.0402749 0.639447
-0.487228 -0.0403025 0.639146
-0.487359 -0.040329 0.638838
-0.487491 -0.0403553 0.638521
-0.487622 -0.0403823 0.638196
-0.487753 -0.0404095 0.637864
-0.487884 -0.0404364 0.637526
-0.488014 -0.0404627 0.63718
-0.488145 -0.0404889 0.636829
-0.488275 -0.0405157 0.636471
-0.488405 -0.0405434 0.636106
-0.488536 -0.0405723 0.635734
-0.488666 -0.0406019 0.635355
-0.488796 -0.0406319 0.634967
-0.488926 -0.0406641 0.63457
-0.489056 -0.0406986 0.634165
-0.489186 -0.0407356 0.633752
-0.489316 -0.0407752 0.633329
-0.489447 -0.0408175 0.632896
-0.489577 -0.0408618 0.632454
-0.489709 -0.0409075 0.632
-0.48984 -0.040954 0.631537
-0.489972 -0.0410004 0.631064
-0.490104 -0.0410463 0.630581
-0.490236 -0.0410913 0.63009
-0.490369 -0.0411364 0.629591
-0.490501 -0.0411821 0.629084
-0.490633 -0.0412275 0.628569
-0.490766 -0.0412722 0.628046
-0.490898 -0.0413167 0.627515
-0.491031 -0.041361 0.626975
-0.491165 -0.0414048 0.626423
-0.491299 -0.0414475 0.62586
-0.491434 -0.0414896 0.625288
-0.491569 -0.0415317 0.624704
-0.491705 -0.0415734 0.62411
-0.491841 -0.0416139 0.623505
-0.491978 -0.0416532 0.62289
-0.492115 -0.0416912 0.622264
-0.492253 -0.0417276 0.621629
-0.492391 -0.041762 0.620983
-0.49253 -0.041794 0.620326
-0.49267 -0.0418226 0.619661
-0.492809 -0.0418486 0.618987
-0.492949 -0.0418724 0.618305
-0.493089 -0.0418942 0.617616
-0.493228 -0.0419149 0.616922
-0.493367 -0.0419353 0.616223
-0.493505 -0.0419566 0.615521
-0.493642 -0.0419795 0.614816
-0.493777 -0.0420044 0.614112
-0.49391 -0.0420316 0.613411
-0.49404 -0.0420611 0.612715
-0.494168 -0.0420926 0.612024
-0.494293 -0.0421254 0.611338
-0.494417 -0.0421592 0.610658
-0.494538 -0.0421937 0.609982
-0.494658 -0.0422287 0.609311
-0.494775 -0.0422644 0.608643
-0.494891 -0.0423012 0.607979
-0.495004 -0.0423396 0.607318
-0.495116 -0.04238 0.606659
-0.495226 -0.0424232 0.606004
-0.495333 -0.0424696 0.605351
-0.495439 -0.0425189 0.604701
-0.495543 -0.0425718 0.604054
-0.495644 -0.042628 0.603408
-0.495744 -0.0426877 0.602764
-0.495841 -0.0427516 0.602122
-0.495936 -0.04282 0.60148
-0.496028 -0.0428927 0.60084
-0.496118 -0.0429701 0.600201
-0.496205 -0.0430519 0.599562
-0.496289 -0.0431386 0.598923
-0.49637 -0.0432299 0.598285
-0.496449 -0.043327 0.597647
-0.496525 -0.0434286 0.597009
-0.496599 -0.043535 0.59637
-0.496669 -0.0436453 0.595731
-0.496737 -0.0437594 0.595092
-0.496802 -0.0438771 0.594452
-0.496864 -0.0439992 0.593811
-0.496923 -0.0441264 0.593169
-0.496979 -0.0442582 0.592526
-0.497033 -0.044395 0.591884
-0.497084 -0.0445361 0.591241
-0.497133 -0.0446804 0.590598
-0.497179 -0.0448281 0.589956
-0.497222 -0.0449779 0.589313
-0.497263 -0.0451286 0.588671
-0.497301 -0.0452794 0.588027
-0.497336 -0.04543 0.587383
-0.497369 -0.0455793 0.586735
-0.4974 -0.0457277 0.586086
-0.497427 -0.0458752 0.585434
-0.497452 -0.0460206 0.584779
-0.497474 -0.0461641 0.584123
-0.497493 -0.0463061 0.583463
-0.49751 -0.0464469 0.582801
-0.497524 -0.0465862 0.582136
-0.497536 -0.0467241 0.581468
-0.497545 -0.0468611 0.580797
-0.497551 -0.0469981 0.580122
-0.497554 -0.047136 0.579446
-0.497554 -0.0472744 0.578768
-0.497552 -0.047414 0.578088
-0.497547 -0.0475566 0.577405
-0.497539 -0.047703 0.576719
-0.497529 -0.0478544 0.576029
-0.497515 -0.0480113 0.575336
-0.497499 -0.0481741 0.574638
-0.497479 -0.0483419 0.573935
-0.497456 -0.0485148 0.573228
-0.497429 -0.0486941 0.572515
-0.497398 -0.0488794 0.571794
-0.497365 -0.0490704 0.571067
-0.497328 -0.0492665 0.570334
-0.497288 -0.0494685 0.569593
-0.497245 -0.049676 0.568844
-0.497198 -0.0498886 0.568086
-0.497148 -0.0501054 0.567321
-0.497094 -0.050327 0.566548
-0.497038 -0.0505532 0.565768
-0.496978 -0.0507849 0.56498
-0.496914 -0.0510215 0.564186
-0.496847 -0.051263 0.563383
-0.496776 -0.0515081 0.562572
-0.496702 -0.0517552 0.561755
-0.496626 -0.0520029 0.56093
-0.496547 -0.0522507 0.560098
-0.496465 -0.0524979 0.55926
-0.496381 -0.0527437 0.558415
-0.496293 -0.0529884 0.557566
-0.496203 -0.0532327 0.556711
-0.496111 -0.0534766 0.555852
-0.496016 -0.0537195 0.554988
-0.495919 -0.0539621 0.55412
-0.495819 -0.0542043 0.553247
-0.495717 -0.0544461 0.55237
-0.495613 -0.0546882 0.55149
-0.495506 -0.0549311 0.550605
-0.495397 -0.0551742 0.549716
-0.495286 -0.0554171 0.548823
-0.495173 -0.0556598 0.547925
-0.495058 -0.0559031 0.547021
-0.49494 -0.0561474 0.546112
-0.49482 -0.0563923 0.545198
-0.494697 -0.056638 0.544279
-0.494573 -0.0568846 0.543353
-0.494446 -0.0571312 0.542422
-0.494316 -0.0573783 0.541484
-0.494184 -0.0576261 0.540538
-0.49405 -0.057874 0.539585
-0.493913 -0.0581213 0.538626
-0.493774 -0.0583676 0.537659
-0.493632 -0.0586125 0.536684
-0.493489 -0.0588549 0.5357
-0.493343 -0.0590947 0.534709
-0.493194 -0.0593318 0.533706
-0.493043 -0.0595661 0.532695
-0.492889 -0.0597971 0.531674
-0.492733 -0.0600251 0.530644
-0.492575 -0.0602501 0.529606
-0.492415 -0.0604726 0.528558
-0.492253 -0.0606927 0.5275
-0.492089 -0.0609097 0.526432
-0.491922 -0.0611241 0.525356
-0.491752 -0.0613365 0.524272
-0.491581 -0.0615467 0.52318
-0.491408 -0.0617543 0.522081
-0.491234 -0.0619591 0.520973
-0.491057 -0.0621618 0.519861
-0.490878 -0.0623633 0.518743
-0.490698 -0.0625647 0.517621
-0.490516 -0.0627661 0.516495
-0.490332 -0.0629674 0.515365
-0.490147 -0.0631687 0.514233
-0.48996 -0.0633706 0.513097
-0.489772 -0.0635734 0.511959
-0.489581 -0.0637769 0.510817
-0.48939 -0.0639809 0.509673
-0.489197 -0.0641858 0.508528
-0.489003 -0.0643916 0.507382
-0.488807 -0.0645986 0.506235
-0.48861 -0.0648071 0.505084
-0.488412 -0.065017 0.503928
-0.488212 -0.065227 0.502769
-0.48801 -0.0654369 0.501606
-0.487807 -0.0656464 0.500439
-0.487602 -0.0658553 0.499269
-0.487397 -0.0660638 0.498095
-0.48719 -0.0662713 0.496918
-0.486982 -0.0664774 0.495738
-0.486773 -0.0666818 0.494557
-0.486563 -0.0668848 0.493371
-0.486351 -0.067086 0.492181
-0.486139 -0.0672855 0.490989
-0.485925 -0.0674837 0.489792
-0.48571 -0.0676798 0.48859
-0.485494 -0.0678734 0.487382
-0.485277 -0.0680646 0.48617
-0.485058 -0.0682535 0.484952
-0.484839 -0.0684403 0.483731
-0.484618 -0.0686242 0.482504
-0.484397 -0.0688046 0.481272
-0.484174 -0.0689817 0.480036
-0.48395 -0.0691554 0.478795
-0.483726 -0.069326 0.477548
-0.483501 -0.0694936 0.476296
-0.483275 -0.0696575 0.475037
-0.483048 -0.069817 0.473774
-0.48282 -0.069972 0.472503
-0.482591 -0.0701225 0.471227
-0.482362 -0.0702676 0.469945
-0.482132 -0.0704072 0.468657
-0.481901 -0.0705416 0.467364
-0.48167 -0.0706712 0.466066
-0.481438 -0.0707969 0.464762
-0.481205 -0.0709191 0.46345
-0.480972 -0.0710382 0.462131
-0.480739 -0.0711537 0.460806
-0.480504 -0.0712655 0.459475
-0.480269 -0.0713733 0.458138
-0.480033 -0.0714769 0.456793
-0.479796 -0.0715766 0.455443
-0.47956 -0.0716725 0.454087
-0.479323 -0.0717644 0.452725
-0.479086 -0.0718517 0.451357
-0.478848 -0.0719348 0.449985
-0.47861 -0.0720138 0.448607
-0.478371 -0.0720888 0.447224
-0.478133 -0.0721598 0.445837
-0.477894 -0.0722257 0.444443
-0.477654 -0.0722877 0.443047
-0.477415 -0.072346 0.441647
-0.477175 -0.0724004 0.440242
-0.476935 -0.0724502 0.438833
-0.476695 -0.0724954 0.43742
-0.476455 -0.0725361 0.436003
-0.476215 -0.0725717 0.434583
-0.475975 -0.0726017 0.433158
-0.475735 -0.0726264 0.431729
-0.475495 -0.0726462 0.430297
-0.475255 -0.072661 0.428863
-0.475015 -0.0726714 0.427425
-0.474776 -0.0726772 0.425984
-0.474536 -0.072679 0.424541
-0.474296 -0.0726772 0.423093
-0.474056 -0.0726723 0.421643
-0.473817 -0.072664 0.42019
-0.473578 -0.0726522 0.418733
-0.473339 -0.0726376 0.417271
-0.473101 -0.0726202 0.415804
-0.472862 -0.0726007 0.414333
-0.472624 -0.0725788 0.412857
-0.472387 -0.0725547 0.411377
-0.47215 -0.0725288 0.409891
-0.471913 -0.0725008 0.408398
-0.471676 -0.0724702 0.406901
-0.471441 -0.0724365 0.405395
-0.471207 -0.0724009 0.403883
-0.470973 -0.0723639 0.402364
-0.47074 -0.0723251 0.400839
-0.470507 -0.0722843 0.399304
-0.470275 -0.0722427 0.397764
-0.470044 -0.0722004 0.396218
-0.469814 -0.0721567 0.394665
-0.469585 -0.0721111 0.393108
-0.469357 -0.0720637 0.391544
-0.46913 -0.0720143 0.389975
-0.468904 -0.0719625 0.388403
-0.468678 -0.0719074 0.386829
-0.468454 -0.0718493 0.385254
-0.46823 -0.0717882 0.383676
-0.468007 -0.0717249 0.382096
-0.467785 -0.0716602 0.380515
-0.467564 -0.0715942 0.378934
-0.467344 -0.0715273 0.377351
-0.467125 -0.0714605 0.375768
-0.466907 -0.071394 0.374181
-0.46669 -0.0713284 0.372592
-0.466474 -0.071263 0.371001
-0.466259 -0.0711972 0.369407
-0.466045 -0.071131 0.36781
-0.465833 -0.0710645 0.366211
-0.465622 -0.0709984 0.364608
-0.465412 -0.0709326 0.363004
-0.465204 -0.0708666 0.361397
-0.464997 -0.0708007 0.359787
-0.464792 -0.0707355 0.358174
-0.464588 -0.0706712 0.356556
-0.464386 -0.070608 0.354936
-0.464185 -0.0705456 0.353312
-0.463987 -0.0704839 0.351685
-0.46379 -0.0704232 0.350053
-0.463595 -0.0703629 0.34842
-0.463401 -0.0703034 0.346786
-0.463208 -0.0702445 0.345151
-0.463017 -0.0701858 0.343516
-0.462827 -0.0701268 0.341882
-0.462639 -0.070068 0.34025
-0.462452 -0.0700097 0.338619
-0.462267 -0.069952 0.336991
-0.462083 -0.0698948 0.335367
-0.4619 -0.0698383 0.333746
-0.461718 -0.069782 0.332127
-0.461538 -0.0697253 0.330512
-0.461359 -0.0696677 0.3289
-0.461181 -0.0696096 0.327291
-0.461005 -0.0695509 0.325683
-0.460831 -0.0694918 0.324077
-0.460658 -0.0694328 0.322473
-0.460486 -0.0693738 0.32087
-0.460316 -0.0693143 0.319269
-0.460148 -0.0692549 0.31767
-0.459982 -0.0691962 0.316073
-0.459817 -0.0691387 0.31448
-0.459654 -0.0690828 0.312891
-0.459493 -0.0690285 0.311304
-0.459332 -0.0689754 0.309723
-0.459172 -0.0689238 0.308148
-0.459014 -0.0688736 0.306577
-0.458856 -0.0688248 0.30501
-0.4587 -0.0687775 0.303448
-0.458546 -0.0687312 0.301889
-0.458393 -0.0686855 0.300335
-0.458242 -0.0686401 0.298787
-0.458092 -0.0685948 0.297244
-0.457942 -0.0685492 0.295708
-0.457794 -0.0685031 0.294178
-0.457647 -0.0684568 0.292656
-0.457501 -0.0684107 0.291141
-0.457356 -0.0683648 0.289633
-0.457211 -0.0683197 0.288132
-0.457068 -0.0682755 0.286637
-0.456926 -0.0682323 0.285146
-0.456786 -0.0681897 0.283661
-0.456646 -0.0681476 0.282181
-0.456508 -0.0681059 0.280705
-0.456371 -0.0680643 0.279236
-0.456236 -0.0680224 0.277772
-0.456101 -0.0679805 0.276316
-0.455968 -0.0679382 0.274867
-0.455835 -0.0678952 0.273426
-0.455703 -0.0678515 0.271993
-0.455571 -0.0678069 0.270569
-0.455441 -0.0677614 0.269153
-0.455311 -0.0677152 0.267745
-0.455181 -0.0676687 0.266346
-0.455053 -0.067622 0.264954
-0.454925 -0.0675749 0.26357
-0.454798 -0.0675275 0.262194
-0.454672 -0.0674796 0.260826
-0.454546 -0.067431 0.259465
-0.454421 -0.0673819 0.258113
-0.454297 -0.0673325 0.256769
-0.454174 -0.0672826 0.255434
-0.454051 -0.0672327 0.254106
-0.453929 -0.0671828 0.252788
-0.453807 -0.0671333 0.251478
-0.453686 -0.0670842 0.250176
-0.453566 -0.0670355 0.248882
-0.453446 -0.0669872 0.247597
-0.453328 -0.066939 0.246319
-0.45321 -0.066891 0.245047
-0.453093 -0.0668431 0.243782
-0.452977 -0.0667952 0.242523
-0.452862 -0.0667471 0.241269
-0.452749 -0.0666986 0.24002
-0.452636 -0.0666502 0.238776
-0.452524 -0.066602 0.237537
-0.452414 -0.0665544 0.236302
-0.452305 -0.0665078 0.235072
-0.452198 -0.0664624 0.233847
-0.452091 -0.0664184 0.232629
-0.451985 -0.0663759 0.231415
-0.451881 -0.0663348 0.230208
-0.451777 -0.066295 0.229008
-0.451674 -0.0662565 0.227814
-0.451571 -0.0662195 0.226627
-0.45147 -0.0661837 0.225447
-0.451369 -0.0661491 0.224274
-0.451268 -0.0661158 0.223109
-0.451168 -0.0660838 0.221952
-0.451069 -0.066053 0.220802
-0.45097 -0.0660234 0.219661
-0.450869 -0.0660146 0.218527
-0.450774 -0.0659678 0.2174
-0.450677 -0.0659418 0.216281
-0.450581 -0.0659169 0.21517
-0.450485 -0.0658935 0.214065
-0.450389 -0.0658716 0.212966
-0.450295 -0.0658515 0.211874
-0.450201 -0.065833 0.210788
-0.450108 -0.0658162 0.209708
-0.450016 -0.0658007 0.208635
-0.449924 -0.0657872 0.207568
-0.449833 -0.0657753 0.206508
-0.449743 -0.065765 0.205454
-0.449653 -0.0657561 0.204406
-0.449564 -0.0657486 0.203365
-0.449476 -0.0657424 0.202331
-0.449388 -0.0657376 0.201302
-0.449301 -0.065734 0.20028
-0.449215 -0.0657314 0.199264
-0.449129 -0.0657301 0.198253
-0.449044 -0.0657299 0.197247
-0.44896 -0.0657306 0.196245
-0.448877 -0.0657317 0.195246
-0.448794 -0.0657331 0.194251
-0.448713 -0.0657347 0.193258
-0.448634 -0.0657363 0.192269
-0.448555 -0.0657378 0.191281
-0.448477 -0.0657392 0.190296
-0.448401 -0.0657406 0.189315
-0.448325 -0.065742 0.188336
-0.448251 -0.0657435 0.187362
-0.448177 -0.0657451 0.18639
-0.448105 -0.0657472 0.185421
-0.448034 -0.0657502 0.184455
-0.447964 -0.0657543 0.183491
-0.447895 -0.0657599 0.18253
-0.447828 -0.0657669 0.181571
-0.447762 -0.0657758 0.180614
-0.447697 -0.0657863 0.179659
-0.447633 -0.0657983 0.178708
-0.447569 -0.0658116 0.177761
-0.447507 -0.0658264 0.176816
-0.447446 -0.065842 0.175875
-0.447385 -0.0658585 0.174937
-0.447325 -0.0658754 0.174003
-0.447266 -0.0658925 0.173072
-0.447208 -0.0659096 0.172145
-0.447151 -0.0659269 0.171222
-0.447094 -0.0659445 0.170303
-0.447038 -0.0659626 0.169388
-0.446983 -0.0659812 0.168477
-0.446928 -0.0660004 0.167571
-0.446874 -0.0660201 0.166668
-0.446821 -0.06604 0.165768
-0.446769 -0.0660599 0.164871
-0.446718 -0.0660797 0.163978
-0.446668 -0.0660993 0.163085
-0.446619 -0.0661186 0.162195
-0.446571 -0.0661375 0.161305
-0.446524 -0.0661554 0.160415
-0.446479 -0.0661722 0.159524
-0.446436 -0.0661874 0.158629
-0.446396 -0.0662011 0.15773
-0.446358 -0.066213 0.156824
-0.446322 -0.0662234 0.155914
-0.446289 -0.0662321 0.154998
-0.446259 -0.0662379 0.154072
-0.446233 -0.0662402 0.153137
-0.446209 -0.0662384 0.152194
-0.446189 -0.0662312 0.151241
-0.446172 -0.0662181 0.150282
-0.446158 -0.0661976 0.149312
-0.446147 -0.0661682 0.148332
-0.44614 -0.0661302 0.147342
-0.446137 -0.0660836 0.146341
-0.446137 -0.066028 0.145332
-0.446141 -0.0659614 0.144309
