-0.419659 -0.0468610972698 0.150443 
-0.419658999401 -0.0468610668978 0.150443000147 
-0.419658996717 -0.0468609741245 0.150443000804 
-0.419658939485 -0.0468607795194 0.150443002331 
-0.41965869982 -0.0468604365321 0.150443005083 
-0.419658354213 -0.046860026563 0.150443519379 
-0.419658280568 -0.0468598199903 0.150445809921 
-0.419658702715 -0.0468601989148 0.150451851673 
-0.419659619254 -0.0468617126693 0.15046467931 
-0.419660824804 -0.0468646084067 0.1504858397 
-0.419661812256 -0.0468686902464 0.150514700595 
-0.419662075987 -0.0468762722099 0.15055098844 
-0.419661108969 -0.0468933798589 0.150594956089 
-0.419659272622 -0.0469182954299 0.150647059538 
-0.419658209403 -0.0469378897187 0.150708057357 
-0.419658333087 -0.0469476495994 0.150778348805 
-0.419658251556 -0.0469557143255 0.150857807329 
-0.419657239702 -0.0469671298762 0.150946561589 
-0.419655549231 -0.0469824240736 0.151045117217 
-0.419653431144 -0.0470014349786 0.151153672253 
-0.419651137157 -0.0470229842278 0.151271973667 
-0.419648816278 -0.0470464376782 0.151399769013 
-0.419646467357 -0.0470719580245 0.151536805284 
-0.419644191256 -0.0470996108381 0.151682881058 
-0.419642239728 -0.0471293192886 0.151837869786 
-0.419640659817 -0.0471610835009 0.152001645143 
-0.419639197539 -0.0471950170107 0.152174080589 
-0.419637650656 -0.047231192458 0.152354998817 
-0.419635891674 -0.0472696229129 0.152544146857 
-0.419633997472 -0.047310321632 0.152741119356 
-0.419632346338 -0.047353302366 0.152945284059 
-0.419631060491 -0.0473985025494 0.153156214417 
-0.419629886034 -0.047445746948 0.153373783975 
-0.419628773807 -0.0474949324487 0.153597764542 
-0.419627975708 -0.0475460615019 0.153827776801 
-0.419627538926 -0.0475990398711 0.154063391437 
-0.419627209621 -0.0476536304258 0.154304102729 
-0.41962688769 -0.047709642834 0.154549406334 
-0.419626698652 -0.0477669544146 0.154798796573 
-0.419626716674 -0.0478253665612 0.155051820159 
-0.419626940853 -0.0478845675751 0.155308097893 
-0.419627421295 -0.0479443284729 0.155567302611 
-0.419628283559 -0.048004540495 0.155829181578 
-0.419629448859 -0.0480650699163 0.156093482743 
-0.419630537026 -0.0481257453715 0.15635995339 
-0.41963142399 -0.0481864115089 0.15662839249 
-0.419632361821 -0.0482469355009 0.15689867378 
-0.41963339788 -0.0483070882291 0.157170467338 
-0.419634278498 -0.0483664972313 0.157443141167 
-0.41963490374 -0.0484248933412 0.15771632006 
-0.419635399291 -0.0484821575724 0.157990004251 
-0.419635890483 -0.0485381664089 0.158264193952 
-0.419636503012 -0.0485927887912 0.158538889392 
-0.419637260223 -0.0486458789658 0.158814090778 
-0.419638034954 -0.0486972685043 0.159089798331 
-0.419638700418 -0.0487467947917 0.159366063249 
-0.419639129487 -0.0487943025986 0.159643012184 
-0.419639297408 -0.0488396883685 0.159920822393 
-0.419639329958 -0.0488829238515 0.160199746947 
-0.419639352561 -0.0489239760045 0.160479885161 
-0.419639491004 -0.0489628044565 0.160761110768 
-0.419639768725 -0.048999348777 0.161043552824 
-0.41964005865 -0.0490335185346 0.161327717245 
-0.419640336075 -0.0490652390802 0.161613904458 
-0.419640726832 -0.0490944584229 0.161902114587 
-0.419641203404 -0.0491211453401 0.1621925007 
-0.419641512325 -0.0491452989118 0.162485442224 
-0.419641655857 -0.0491669133371 0.162781164442 
-0.419642012758 -0.0491859755351 0.163079667433 
-0.419642705705 -0.0492024522774 0.163381053214 
-0.419643481262 -0.0492162803838 0.163685574732 
-0.41964429072 -0.0492274174675 0.163993433141 
-0.419645386429 -0.0492358513937 0.164304754925 
-0.419646816023 -0.0492416212685 0.164619615138 
-0.419648326104 -0.0492448418502 0.164938013811 
-0.419649817005 -0.0492455716716 0.165259899913 
-0.419651414681 -0.0492437868491 0.165585147036 
-0.419653244723 -0.0492394331699 0.16591388406 
-0.419655433092 -0.0492324113312 0.166246616763 
-0.419658003391 -0.049222678613 0.166583543405 
-0.419660828714 -0.0492102752324 0.166924411101 
-0.419663833525 -0.0491952567845 0.167269120617 
-0.419667017385 -0.0491777018365 0.167617798394 
-0.419670430858 -0.0491576889186 0.167970570436 
-0.419674199957 -0.0491352970061 0.168327563172 
-0.419678399338 -0.0491105999308 0.168688800591 
-0.419683028584 -0.0490836644247 0.169054156235 
-0.419688087282 -0.0490545368076 0.169423554935 
-0.419693575035 -0.0490232336309 0.169796996677 
-0.419699440448 -0.0489897664744 0.170174532371 
-0.419705556705 -0.0489541396368 0.170556288436 
-0.419712001349 -0.0489164136737 0.170942492843 
-0.419719153332 -0.0488767323473 0.171333524867 
-0.419727135523 -0.0488351779741 0.171729507617 
-0.419735694679 -0.0487917429577 0.172130188153 
-0.419744629287 -0.0487464504848 0.172535314183 
-0.419753812578 -0.0486993691913 0.172944632792 
-0.419763322144 -0.0486505625736 0.173358146701 
-0.419773536986 -0.0486000869806 0.173776235193 
-0.419784580021 -0.0485479732543 0.174198919389 
-0.419796198054 -0.0484942148766 0.174625693485 
-0.419808291611 -0.0484388768957 0.175056257053 
-0.419820986843 -0.0483821301531 0.175490610076 
-0.419834307538 -0.0483240431472 0.175928650472 
-0.419848126978 -0.0482645341749 0.17637012535 
-0.419862369808 -0.048203547411 0.176814884478 
-0.419877035774 -0.0481410647137 0.17726292786 
-0.419892124619 -0.048077083434 0.177714306429 
-0.419907636102 -0.0480116236914 0.178169146621 
-0.419923671977 -0.0479446801871 0.178627472443 
-0.419940484887 -0.0478762101432 0.179089157445 
-0.419958071753 -0.0478062067406 0.179554126473 
-0.419976053032 -0.0477347160263 0.180022379524 
-0.419994356261 -0.0476617687487 0.180493865528 
-0.420013360559 -0.0475873733293 0.180968458044 
-0.420033188956 -0.0475114923991 0.181446030931 
-0.420053588371 -0.0474340208903 0.181926457758 
-0.420074408446 -0.0473548745688 0.182409612397 
-0.420095649008 -0.0472739992479 0.182895368424 
-0.42011736088 -0.0471913716267 0.183383752716 
-0.420139670336 -0.0471070136758 0.183875018167 
-0.420162601288 -0.0470209423309 0.184369263884 
-0.420186027139 -0.0469331672022 0.184866363428 
-0.420209872656 -0.046843672499 0.185366139666 
-0.420234137701 -0.0467524048921 0.185868339734 
-0.420258822139 -0.0466593011314 0.186372813436 
-0.420283925844 -0.0465642828789 0.186879560799 
-0.420309499687 -0.0464672925463 0.187388530801 
-0.420335669993 -0.0463683026446 0.187899597029 
-0.420362460719 -0.0462672960871 0.188412735382 
-0.420389745318 -0.0461642709363 0.188928072329 
-0.420417448601 -0.0460591845845 0.189445682925 
-0.420445570478 -0.0459519342024 0.189965567187 
-0.420474161854 -0.0458424377786 0.190487725082 
-0.420503349087 -0.0457306433187 0.191012156628 
-0.420533156169 -0.0456164940005 0.19153881079 
-0.420563456583 -0.045499925436 0.192067561149 
-0.420594226171 -0.0453808888442 0.192598332595 
-0.420625591311 -0.0452593580141 0.193131125152 
-0.420657627014 -0.0451352814326 0.193666040789 
-0.420690333219 -0.0450085699079 0.194203332399 
-0.420723658865 -0.0448791652258 0.194743150094 
-0.420757477467 -0.044747054294 0.195285493869 
-0.420791764898 -0.0446122343774 0.195830516655 
-0.420826647565 -0.0444747178967 0.196378597751 
-0.420862200509 -0.0443344663579 0.19692970732 
-0.4208984237 -0.0441913659643 0.197483213141 
-0.420935368098 -0.0440453390657 0.198039045734 
-0.420973160121 -0.0438963605957 0.198597963727 
-0.421011823813 -0.0437443189846 0.199160162519 
-0.421051232718 -0.0435889744378 0.199725009874 
-0.42109136273 -0.0434301593731 0.200292283302 
-0.421132340282 -0.0432678112335 0.20086236211 
-0.421174138442 -0.0431018728661 0.201435420456 
-0.421216504335 -0.0429322945636 0.202011331865 
-0.421259389801 -0.0427589656898 0.20259012316 
-0.421303047739 -0.0425816850147 0.203172047183 
-0.421347628312 -0.0424003744106 0.203757151991 
-0.421393131535 -0.0422151363025 0.204345184662 
-0.421439557408 -0.0420260270467 0.204936147924 
-0.421486905954 -0.0418330354533 0.205530421055 
-0.42153522818 -0.0416360994905 0.206128382162 
-0.421584650551 -0.0414350817162 0.206730410485 
-0.421635197158 -0.0412299115064 0.2073366291 
-0.421686741592 -0.0410206159758 0.207946785033 
-0.421739259791 -0.0408072120848 0.208560727957 
-0.421792878236 -0.0405897018319 0.209178457792 
-0.421847774025 -0.0403680516341 0.209800127372 
-0.421904200072 -0.0401421751544 0.210426115922 
-0.421962204547 -0.039912037425 0.211056546501 
-0.422021534607 -0.0396776787181 0.211691166121 
-0.422082091111 -0.0394390475154 0.212329977426 
-0.422144000553 -0.0391959566626 0.212973359632 
-0.422207287045 -0.038948296166 0.213621435779 
-0.422271824207 -0.0386960686992 0.214273952866 
-0.422337638995 -0.0384393127497 0.214930658538 
-0.422404984352 -0.0381781196494 0.215591299819 
-0.42247406147 -0.0379124734923 0.216255981362 
-0.422544996841 -0.0376422002366 0.216925335264 
-0.422617763572 -0.0373672131613 0.217599583721 
-0.422692108842 -0.0370875533272 0.218278347286 
-0.422767933532 -0.0368032515983 0.218961451506 
-0.42284536416 -0.0365143238864 0.219649022713 
-0.422924475855 -0.0362207912766 0.220341084785 
-0.423005268694 -0.0359226824615 0.22103751117 
-0.423087793725 -0.0356200261681 0.221738277586 
-0.423172177469 -0.0353128512211 0.222443510363 
-0.423258495051 -0.0350011252813 0.223153335374 
-0.423346746551 -0.0346847255796 0.223867878938 
-0.423436881019 -0.0343636369129 0.224587113919 
-0.423528772106 -0.0340380021663 0.22531078732 
-0.423622395793 -0.0337079435263 0.226038697776 
-0.423717878618 -0.0333735534148 0.226770718748 
-0.42381524473 -0.0330348883984 0.227506672977 
-0.423914367792 -0.032691952507 0.2282463075 
-0.4240151728 -0.032344678471 0.22898957399 
-0.424117659868 -0.0319928934286 0.229736725249 
-0.424221829085 -0.0316365679202 0.230487758276 
-0.424327680572 -0.0312758832346 0.231242293672 
-0.424435214421 -0.0309109437472 0.232000106047 
-0.424544430759 -0.0305417411882 0.23276119534 
-0.424655329686 -0.0301682725163 0.233525408429 
-0.424767911331 -0.0297905422147 0.234292365946 
-0.424882124804 -0.0294085650569 0.23506179155 
-0.424997843804 -0.0290223709185 0.235833558781 
-0.425114942376 -0.0286319998903 0.236607490487 
-0.425233294236 -0.0282375072349 0.237383333782 
-0.425352773448 -0.0278390246503 0.238160836459 
-0.425473253748 -0.027436797147 0.238939745656 
-0.425594711211 -0.0270309722255 0.239719962184 
-0.425717272461 -0.0266215547427 0.240501612511 
-0.425840910744 -0.0262085547319 0.241284618701 
-0.425965373367 -0.0257919897877 0.242068601464 
-0.426090561347 -0.025371908141 0.242853386556 
-0.426216601327 -0.0249484033375 0.243639100465 
-0.426343619567 -0.0245215279409 0.244425767275 
-0.426471742703 -0.0240912744286 0.245213260591 
-0.426600943993 -0.0236576914812 0.24600145434 
-0.426730970757 -0.0232209107421 0.246790222136 
-0.426861622029 -0.0227810635549 0.247579386924 
-0.426992771594 -0.0223382816341 0.248368695892 
-0.427124395583 -0.0218926759909 0.249157947926 
-0.427256620668 -0.0214443278345 0.249947016673 
-0.427389420148 -0.0209933029128 0.250735827113 
-0.427522541379 -0.0205396445757 0.251524379337 
-0.42765588543 -0.0200834114166 0.252312622415 
-0.427789578991 -0.0196246847883 0.253100429998 
-0.427923646379 -0.0191635509749 0.253887727081 
-0.428057961405 -0.0187001040387 0.254674513761 
-0.428192449233 -0.0182344378337 0.255460739119 
-0.428327110121 -0.0177666464848 0.256246276814 
-0.428461944322 -0.0172968290046 0.257031102848 
-0.428596952099 -0.016825092222 0.257815343763 
-0.428732184702 -0.0163515325137 0.258599074716 
-0.428867768833 -0.0158762314783 0.259382295799 
-0.429003728822 -0.0153992450332 0.260165058078 
-0.429139938488 -0.0149205916162 0.26094748808 
-0.429276272011 -0.0144403304609 0.261729558947 
-0.429412603224 -0.0139585812144 0.262511017884 
-0.429548806323 -0.0134754275276 0.263291867793 
-0.429684755158 -0.0129909005919 0.264072488079 
-0.429820425935 -0.0125050162548 0.264852951038 
-0.429955945388 -0.0120177678324 0.265632877426 
-0.430091337888 -0.0115291589041 0.266412195053 
-0.430226477289 -0.0110392081299 0.267191283321 
-0.430361237808 -0.0105479494583 0.267970316517 
-0.430495493311 -0.010055439532 0.268749168263 
-0.430629220027 -0.00956169407371 0.269527865509 
-0.430762544708 -0.00906666862446 0.270306661194 
-0.430895491746 -0.008570354593 0.271085654501 
-0.431027935011 -0.00807279607925 0.271864719037 
-0.431159799737 -0.00757401159693 0.272643779739 
-0.431291086244 -0.00707398207193 0.273422836659 
-0.431421794854 -0.00657272422253 0.274201889821 
-0.431551925886 -0.00607030752723 0.274980939274 
-0.431681530663 -0.00556679620094 0.27576013803 
-0.43181073594 -0.00506224711612 0.276539865445 
-0.431939566115 -0.00455668131756 0.27732029575 
-0.432067895063 -0.00405006720969 0.278101302523 
-0.43219575002 -0.00354235292408 0.278882912659 
-0.43232338418 -0.00303345633425 0.279665379052 
-0.432450846016 -0.00252331088639 0.280448851827 
-0.432577882959 -0.00201187243084 0.281233330983 
-0.43270444716 -0.00149911228163 0.282018816475 
-0.432830791816 -0.00098502426048 0.282805308298 
-0.432956965403 -0.000469622642433 0.283592857405 
-0.433082715355 4.70481412007e-05 0.284381590226 
-0.433207993823 0.000564918254132 0.285171530787 
-0.433333054008 0.00108388001836 0.285962552637 
-0.433457944387 0.00160375973977 0.286754733632 
-0.433582412395 0.00212428535277 0.287548453075 
-0.433706410188 0.00264534364533 0.288343732139 
-0.433830190965 0.00316705449753 0.289140065041 
-0.433953854205 0.0036895374179 0.289937202402 
-0.434077273778 0.00421291224681 0.290735270663 
-0.43420032392 0.00473725255299 0.291534242867 
-0.434322878517 0.00526256434682 0.292333866136 
-0.434444913814 0.00578880259647 0.29313399028 
-0.43456655658 0.0063158468511 0.293934615314 
-0.434687831223 0.00684357698382 0.294735792215 
-0.434808611628 0.00737187253148 0.295537647436 
-0.434928874043 0.00790069495403 0.296340256022 
-0.435048745237 0.00843012607426 0.297143617979 
-0.435168300616 0.00896020155978 0.297947580277 
-0.435287540503 0.00949088941292 0.298751763611 
-0.435406465218 0.0100221679076 0.299556095725 
-0.435525075084 0.0105540303169 0.300360955963 
-0.435643319426 0.0110864852129 0.301166365552 
-0.435761072131 0.0116195637823 0.301971818752 
-0.435878258452 0.0121533378991 0.302777066239 
-0.435994878723 0.0126879398789 0.303582234496 
-0.436110933282 0.0132234659339 0.30438729662 
-0.436226422464 0.0137599598474 0.305191999774 
-0.436341346608 0.0142974856508 0.305996193823 
-0.436455706048 0.0148361376839 0.306799878822 
-0.43656955212 0.015376020187 0.307603003809 
-0.436683011593 0.0159172527658 0.308405442405 
-0.43679610888 0.0164599189533 0.309207119571 
-0.436908717868 0.0170040498287 0.310008035375 
-0.43702076381 0.017549640653 0.310808240858 
-0.43713224704 0.0180966339881 0.311607862523 
-0.437243218894 0.0186450133309 0.31240687349 
-0.437353806143 0.0191948223889 0.313205020939 
-0.437464033197 0.0197460690164 0.314002205758 
-0.437573773944 0.0202987084047 0.314798554454 
-0.437683004633 0.0208527264454 0.315594142157 
-0.437791852035 0.0214081541896 0.316388968927 
-0.437900340561 0.0219650378698 0.317182983809 
-0.438008344097 0.0225234464603 0.317976060427 
-0.438115838893 0.0230834283076 0.318768021756 
-0.438222951718 0.0236450018017 0.319558614998 
-0.438329655986 0.02420818015 0.320347843055 
-0.438435699148 0.0247729690949 0.321136085329 
-0.438541033379 0.0253393641331 0.321923465118 
-0.438645911897 0.0259073457181 0.322709729607 
-0.438750485193 0.0264768994307 0.323494830685 
-0.438854753588 0.0270480183697 0.324279021303 
-0.43895861541 0.0276207007252 0.325062502661 
-0.439061818107 0.0281949522409 0.325845401248 
-0.439164313856 0.0287707276189 0.326627843165 
-0.43926635587 0.0293479061689 0.327409954886 
-0.439368094641 0.0299264032223 0.328191760502 
-0.439469530488 0.0305061866079 0.328973133604 
-0.439570561737 0.0310872497224 0.329754101116 
-0.439670935837 0.0316696236189 0.330534915948 
-0.439770604959 0.0322533341375 0.331315728254 
-0.439869822319 0.0328383996894 0.332096538047 
-0.439968738405 0.0334248233096 0.332877396308 
-0.440067353534 0.0340125854826 0.333658429486 
-0.440165566032 0.0346016565268 0.334439763628 
-0.440263123343 0.0351919916478 0.335221525172 
-0.440360028638 0.0357835410596 0.336003789154 
-0.440456661561 0.0363762473359 0.336786555561 
-0.440553145677 0.0369701092932 0.337569926338 
-0.440649228419 0.0375652085982 0.338354154345 
-0.440744759947 0.0381615603635 0.339139338673 
-0.440839740588 0.038759081891 0.339925352852 
-0.440934221671 0.0393576346054 0.340712172727 
-0.441028329956 0.039956996747 0.34149992471 
-0.441122140843 0.0405569879815 0.342288683804 
-0.441215654647 0.0411574877292 0.343078449975 
-0.441308820683 0.0417584420454 0.343869223139 
-0.441401512829 0.0423598947392 0.344661003263 
-0.441493707325 0.0429618690842 0.345453841259 
-0.44158553093 0.043564358323 0.34624786353 
-0.441677008045 0.04416732511 0.347043145062 
-0.441768012545 0.0447706868396 0.347839685808 
-0.441858520668 0.0453743815368 0.348637587665 
-0.441948659173 0.0459783771914 0.349437103457 
-0.442038503453 0.0465826724784 0.350238332228 
-0.442128053819 0.0471873112658 0.351041147475 
-0.44221731058 0.047792265893 0.351845473997 
-0.442306274045 0.048397403229 0.352651311738 
-0.442394842527 0.0490025701262 0.353458660584 
-0.442482763462 0.0496075829073 0.354267520479 
-0.442570040011 0.0502123247247 0.35507789131 
-0.442657051808 0.0508167763006 0.35588977302 
-0.442743922408 0.0514209592142 0.356703114501 
-0.442830399232 0.0520249553545 0.357517789259 
-0.442916383427 0.0526287698803 0.358333722113 
-0.443002001746 0.0532322950367 0.35915091302 
-0.44308727858 0.0538354794818 0.359969310886 
-0.443172087798 0.0544383545674 0.360788789231 
-0.443256354633 0.0550409107622 0.361609170896 
-0.443340079399 0.0556430782851 0.362430202978 
-0.443423313409 0.0562447518657 0.363251786253 
-0.443506183414 0.0568457732435 0.36407404715 
-0.443588764798 0.0574461172188 0.364897060688 
-0.443671057861 0.0580459542978 0.365720826847 
-0.44375296091 0.0586453984049 0.366545192573 
-0.443834221372 0.0592444809711 0.367369778536 
-0.443914842396 0.0598432486421 0.368194359465 
-0.443995203611 0.0604417707975 0.369018935372 
-0.444075377562 0.0610400401254 0.369843506241 
-0.444154985229 0.0616379363667 0.370668072085 
-0.444233903675 0.0622354059138 0.371492581889 
-0.444312386091 0.0628324929067 0.372316909231 
-0.444390480948 0.0634292566645 0.373140928025 
-0.444467935669 0.0640257792758 0.373964511862 
-0.444544753399 0.0646220967004 0.374787585667 
-0.444621313759 0.06521817725 0.375610149476 
-0.444697689292 0.0658140352315 0.376432254299 
-0.44477350097 0.066409752775 0.377254026606 
-0.444848625854 0.0670053556809 0.378075592474 
-0.444923317127 0.0676007870164 0.378897078363 
-0.444997674252 0.068196020617 0.379718406345 
-0.445071571084 0.0687910754408 0.380539197125 
-0.445144983836 0.069385980596 0.381359327466 
-0.445218039243 0.0699807803508 0.382179050286 
-0.445290761681 0.0705755188497 0.38299846475 
-0.445363024999 0.0711702403821 0.383817444447 
-0.445434754413 0.0717650197104 0.3846358633 
-0.445505950219 0.0723599770068 0.385453594909 
-0.445576612716 0.0729551912984 0.386270666205 
-0.4456467422 0.0735506816238 0.387087330103 
-0.445716338969 0.0741464873645 0.387903736765 
-0.445785403315 0.0747426781582 0.388719886213 
-0.445853986532 0.0753393795351 0.389535778436 
-0.445922215348 0.0759368002325 0.390351413455 
-0.44599011413 0.0765350412828 0.39116694425 
-0.446057556722 0.0771340459164 0.391982750149 
-0.446124570325 0.0777337422219 0.392799107346 
-0.4461914081 0.0783340355327 0.393616142262 
-0.446258118485 0.0789348467502 0.394433929909 
-0.446324448871 0.0795361191758 0.395252470259 
-0.446390300378 0.0801378625679 0.396071865234 
-0.446455799725 0.0807401846279 0.396892367676 
-0.446521073269 0.0813431060457 0.397714127655 
-0.44658624772 0.0819465196012 0.398537145117 
-0.446651347421 0.0825502775837 0.399361368963 
-0.446716246197 0.0831541716639 0.400186672707 
-0.446780869234 0.0837580961115 0.401012981177 
-0.446845216802 0.0843620955173 0.401840294333 
-0.446909289171 0.0849662398441 0.40266861209 
-0.446973086608 0.0855706369257 0.403497934409 
-0.447036660381 0.0861753330877 0.404328261203 
-0.44710013719 0.0867802844611 0.405159592435 
-0.44716349038 0.0873854218059 0.405991877021 
-0.447226467333 0.0879906380698 0.40682498849 
-0.447289020152 0.0885959438062 0.407658800688 
-0.447351401986 0.0892015228052 0.408493187154 
-0.44741366126 0.0898074563306 0.409327970755 
-0.447475545354 0.0904136753148 0.410162898606 
-0.447536955372 0.0910200700926 0.410997973504 
-0.447598018022 0.0916264704856 0.411833574766 
-0.447658808651 0.0922327017124 0.412669774588 
-0.44771932752 0.0928385809983 0.413506193637 
-0.447779574886 0.0934439822036 0.414342555637 
-0.44783955101 0.0940488616808 0.415178734163 
-0.447899205151 0.094653160622 0.416014552128 
-0.447958411132 0.0952567974843 0.416849756683 
-0.448017145135 0.0958597266731 0.417684095686 
-0.448075533863 0.0964619551896 0.418517316312 
-0.448133652657 0.0970634951295 0.419349217446 
-0.448191501771 0.0976643661682 0.420179672721 
-0.448249030459 0.0982645267429 0.421008505127 
-0.44830611254 0.0988638448364 0.421835461872 
-0.448362673195 0.0994623265231 0.422660341886 
-0.448418712686 0.100060181206 0.423483018836 
-0.44847423128 0.100657602397 0.424303315756 
-0.448529229236 0.101254761582 0.425120979887 
-0.448583706819 0.10185179916 0.425935861201 
-0.448637664288 0.10244881077 0.426747959834 
-0.448691152902 0.103045861184 0.427557326923 
-0.448744299354 0.103642970204 0.428364089036 
-0.448797076981 0.104240193278 0.429168270388 
-0.448849233155 0.104837638745 0.429969744661 
-0.448900719974 0.105435333037 0.430768487905 
-0.448951790575 0.10603318222 0.431564626687 
-0.449002544374 0.106631107932 0.432358185216 
-0.449052855176 0.107229054213 0.433149037173 
-0.44910264815 0.107826949967 0.433937158605 
-0.449151923548 0.108424701342 0.434722676074 
-0.44920073262 0.109022255561 0.435505613788 
-0.449249202051 0.10961961996 0.436285845425 
-0.44929730517 0.110216822263 0.437063398025 
-0.44934478934 0.110813920414 0.437838524584 
-0.449391657648 0.111410977296 0.43861127338 
-0.449438289658 0.112008063525 0.439381391638 
-0.449484757854 0.112605234219 0.440148831314 
-0.449530683148 0.113202522091 0.440913845399 
-0.449575942542 0.113799949563 0.441676584162 
-0.449620789161 0.114397524093 0.442437047698 
-0.449665373406 0.114995258217 0.443195134112 
-0.449709695505 0.115593172071 0.443950590625 
-0.44975370469 0.116191275534 0.444703318191 
-0.449797274752 0.116789563484 0.445453443364 
-0.449840381847 0.117388056317 0.446201041337 
-0.449883152646 0.117986812166 0.446946112216 
-0.449925611463 0.118585878795 0.447688605112 
-0.449967632087 0.11918528908 0.448428393692 
-0.450009190668 0.119785085998 0.44916545399 
-0.450050413876 0.120385327742 0.449899912556 
-0.450091377018 0.120986031538 0.450631844581 
-0.450132080315 0.121587154459 0.451361250164 
-0.45017247299 0.122188648602 0.452088180409 
-0.450212428827 0.122790458438 0.45281276185 
-0.450251923971 0.123392508196 0.453534967666 
-0.450291085087 0.123994691813 0.454254545071 
-0.450329936482 0.124596934131 0.454971446009 
-0.450368351933 0.12519920499 0.455685923457 
-0.450406358582 0.125801464126 0.456398127674 
-0.450444209526 0.126403656129 0.457108058742 
-0.450481953138 0.127005756355 0.45781566575 
-0.45051933675 0.127607785297 0.458520822344 
-0.450556210417 0.128209727696 0.459223504536 
-0.450592574363 0.128811515573 0.459923838855 
-0.450628530807 0.129413116851 0.46062190047 
-0.450664332842 0.130014552096 0.46131768946 
-0.450700028838 0.130615857122 0.462011205908 
-0.450735366119 0.131217090459 0.462702449893 
-0.450770245735 0.131818269675 0.463391421496 
-0.450804794339 0.132419352183 0.464078120797 
-0.450839087221 0.133020315921 0.464762598871 
-0.450873124587 0.133621168913 0.465444982233 
-0.450906906641 0.134221878369 0.466125295035 
-0.450940433584 0.134822351199 0.466803410906 
-0.450973705621 0.135422530289 0.467479254839 
-0.451006722951 0.136022411095 0.46815282691 
-0.451039434778 0.1366219789 0.468824229191 
-0.451071714868 0.13722120391 0.469493714628 
-0.451103539346 0.137820051326 0.47016138244 
-0.451135034858 0.138418478749 0.470827106243 
-0.451166327683 0.139016454113 0.471490862009 
-0.451197544454 0.139613960342 0.472152776235 
-0.451228658443 0.140210985523 0.472812873054 
-0.451259416961 0.140807525263 0.47347102608 
-0.451289721045 0.14140357009 0.474127211284 
-0.451319697335 0.141999103002 0.474781555161 
-0.45134942111 0.142594132557 0.475434081844 
-0.451378892562 0.143188705003 0.476084664944 
-0.451408111881 0.143782846072 0.476733178439 
-0.451437079258 0.14437655147 0.477379495951 
-0.45146584588 0.144969847525 0.478023593466 
-0.45149453837 0.145562805839 0.478665597489 
-0.451523129993 0.146155482521 0.479305481168 
-0.451551368053 0.146747911268 0.479942991691 
-0.451579153578 0.147340146091 0.480578080968 
-0.451606613201 0.147932271295 0.481211001949 
-0.45163387319 0.148524391347 0.481841802869 
-0.451661060164 0.149116641153 0.482470230911 
-0.45168819838 0.149709114435 0.483096237986 
-0.451715161572 0.150301844971 0.483720077042 
-0.451741874837 0.150894820548 0.484341898305 
-0.451768338356 0.151487961186 0.484961701829 
-0.451794552311 0.152081222835 0.48557943667 
-0.451820516878 0.152674614061 0.486194976448 
-0.45184623224 0.153268128111 0.486808399135 
-0.451871698571 0.153861735653 0.487420084103 
-0.451896967049 0.154455402345 0.488030154636 
-0.451922164283 0.15504908625 0.488638357891 
-0.451947314523 0.155642765956 0.489244594747 
-0.451972291497 0.156236450138 0.48984899169 
-0.451997020293 0.156830116852 0.490451623842 
-0.452021501085 0.157423698947 0.491052491243 
-0.452045785043 0.158017170267 0.491651542931 
-0.452069998774 0.158610564848 0.492248652509 
-0.452094166523 0.159203901336 0.492843795941 
-0.452118162012 0.159797175866 0.493437099711 
-0.452141910326 0.160390394791 0.49402863894 
-0.452165411634 0.160983579569 0.494618413665 
-0.452188717103 0.161576771999 0.495206321928 
-0.452211953333 0.162170044145 0.495792110895 
-0.452235144567 0.162763416869 0.496375732453 
-0.452258164522 0.163356835827 0.496957439534 
-0.452280938278 0.163950267233 0.497537331347 
-0.452303466 0.164543707356 0.49811528149 
-0.452325798849 0.165137142281 0.498691265926 
-0.452348063423 0.165730543024 0.499265411135 
-0.452370334956 0.166323885787 0.499837792238 
-0.452392613597 0.166917154267 0.500408409269 
-0.452414848495 0.167510332211 0.500977160266 
-0.452436913362 0.16810340335 0.501543792394 
-0.45245878427 0.168696336167 0.502108257537 
-0.452480587813 0.169289076499 0.502670808627 
-0.45250239922 0.16988159074 0.50323149387 
-0.452524218636 0.17047387534 0.503790060429 
-0.452545995206 0.171065936961 0.504346460191 
-0.452567602638 0.171657797371 0.504900946082 
-0.452589017 0.172249473183 0.505453566311 
-0.452610364881 0.17284097355 0.506004068039 
-0.452631721507 0.173432297409 0.50655240315 
-0.452653087018 0.17402342866 0.507098824571 
-0.452674461552 0.174614381853 0.50764338051 
-0.452695845248 0.175205216785 0.508185818127 
-0.45271728924 0.175795942086 0.508726038308 
-0.452738920102 0.176386491143 0.509264167543 
-0.452760762041 0.176976828141 0.509800229966 
-0.452782688748 0.177566962367 0.510334099184 
-0.452804676268 0.178156913287 0.510865802166 
-0.452826851171 0.178746715507 0.511395591834 
-0.452849288661 0.17933638314 0.511923516395 
-0.45287198886 0.179925900247 0.512449323007 
-0.452894900887 0.180515271339 0.512972963553 
-0.452917898428 0.181104531084 0.513494690955 
-0.452940957525 0.181693719157 0.514014604415 
-0.452964204745 0.182282882898 0.514532577526 
-0.452987715288 0.182872028717 0.515048586242 
-0.453011489271 0.183461102836 0.515562757039 
-0.453035475811 0.184050066933 0.516075063035 
-0.453059548589 0.184638905196 0.516585251387 
-0.453083683644 0.185227606965 0.517093222978 
-0.453108007539 0.185816169103 0.517599104294 
-0.453132595471 0.186404573192 0.518103021461 
-0.453157447553 0.186992778198 0.518605100951 
-0.453182563896 0.18758074831 0.519105315883 
-0.453207944612 0.188168455175 0.519603413411 
-0.453233538813 0.188755865426 0.520099243422 
-0.453259220176 0.189342938099 0.520592805964 
-0.453285015731 0.189929632357 0.521084203089 
-0.453311178473 0.19051590727 0.521573687715 
-0.453337756669 0.191101732235 0.522061308046 
-0.453364497546 0.191687091645 0.522546811234 
-0.453391251052 0.192271985246 0.523030047164 
-0.45341801731 0.192856435394 0.523511015885 
-0.453444796438 0.193440489887 0.523989819445 
-0.453471588555 0.194024234328 0.524466710763 
-0.453498393779 0.194607728578 0.524941789037 
-0.453525212229 0.195190995045 0.525414927855 
-0.45355204402 0.195774035677 0.52588605217 
-0.453578889271 0.196356822336 0.526355162017 
-0.453605748095 0.196939337169 0.526822308431 
-0.453632620609 0.197521577358 0.527287617884 
-0.453659506926 0.198103540099 0.527751216479 
-0.453686407162 0.198685222603 0.528213230675 
-0.453713372425 0.199266606797 0.528673633571 
-0.453740529265 0.199847651993 0.529132172306 
-0.453767850868 0.200428353325 0.529588798741 
-0.453795084465 0.201008758643 0.53004376578 
-0.453822182003 0.201588915665 0.530497172606 
-0.453849396477 0.202168872267 0.530948892791 
-0.453876827154 0.202748645593 0.53139890227 
-0.453904347696 0.203328207681 0.5318473275 
-0.453931883125 0.203907530658 0.532294192576 
-0.453959433551 0.204486586594 0.532739371071 
-0.453986999079 0.205065362947 0.533182838921 
-0.454014579817 0.205643869753 0.53362472258 
-0.454042175871 0.206222117021 0.534065097142 
-0.454069787346 0.206800114814 0.534503962615 
-0.454097465343 0.20737789867 0.534941319007 
-0.454125336403 0.207955541898 0.535377166325 
-0.454153373705 0.208533056401 0.53581145358 
-0.45418132447 0.209110363788 0.536244054345 
-0.454209089641 0.209687426696 0.536674944554 
-0.454236795768 0.210264267918 0.537104250662 
-0.454264518037 0.210840889786 0.537532047763 
-0.45429225655 0.211417264547 0.537958335863 
-0.454319960409 0.21199337473 0.538383063974 
-0.454347503279 0.212569217899 0.538806105668 
-0.454374861184 0.21314479163 0.539227436878 
-0.454402160671 0.213720093515 0.53964718406 
-0.454429425926 0.214295136457 0.540065473303 
-0.454456530611 0.214869956008 0.540482431051 
-0.454483501745 0.21544460802 0.540898081384 
-0.454510592308 0.216019178642 0.541312297861 
-0.454537799558 0.216593707882 0.541725005404 
-0.454564744274 0.217168168117 0.542136204022 
-0.454591354312 0.217742557306 0.542545944717 
-0.454618009099 0.218316911075 0.542954353933 
-0.454644831973 0.218891249652 0.543361506748 
-0.454671570143 0.219465570755 0.543767403157 
-0.454698124543 0.220039897612 0.544172094148 
-0.454724621711 0.220614291188 0.544575706153 
-0.454751085826 0.221188812274 0.544978212239 
-0.454777390543 0.221763521856 0.54537935952 
-0.454803511878 0.222338424648 0.54577904883 
-0.454829576367 0.222913442579 0.546177406612 
-0.454855659182 0.223488559002 0.54657455894 
-0.454881760413 0.224063847604 0.546970632246 
-0.454907880145 0.22463933596 0.547365650595 
-0.454934018466 0.225214983987 0.547759487537 
-0.454960124463 0.225790761913 0.548152118974 
-0.454986071787 0.226366654972 0.54854367134 
-0.45501183645 0.226942714737 0.548934270692 
-0.455037544982 0.227519090834 0.549324043453 
-0.455063272554 0.228095850858 0.549713166662 
-0.455089019247 0.228672942155 0.550101893164 
-0.455114785145 0.229250291817 0.550490220069 
-0.455140570329 0.229827796645 0.550877768022 
-0.455166374879 0.230405384335 0.551264464735 
-0.455192198879 0.230983027586 0.5516506895 
-0.45521799141 0.231560739972 0.552036616509 
-0.455243626117 0.23213859537 0.552422119277 
-0.455269079005 0.232716606241 0.552807173664 
-0.455294476602 0.233294694759 0.553191906068 
-0.455319945067 0.233872813918 0.553576442504 
-0.455345610914 0.234450961784 0.55396090936 
-0.455371396297 0.235029136429 0.554345432637 
-0.455396921977 0.235607335945 0.55473013871 
-0.455422115793 0.236185502333 0.555115153566 
-0.455447357152 0.236763494633 0.555500603569 
-0.455472769375 0.237341243688 0.555886563693 
-0.455498099655 0.237918785586 0.556273033858 
-0.455523197908 0.238496125715 0.556660013953 
-0.455548064221 0.239073224322 0.557047503897 
-0.455572800675 0.239650051971 0.557435554577 
-0.455597660226 0.240226594226 0.557824292352 
-0.455622691106 0.240802857095 0.558213741184 
-0.455647640504 0.241378876741 0.558603774549 
-0.455672409332 0.241954679025 0.558994317253 
-0.455697124108 0.242530274846 0.559385369219 
-0.455721757991 0.243105675072 0.559777032336 
-0.455746058181 0.243680890623 0.560169559398 
-0.4557699766 0.244255962989 0.56056310044 
-0.455793766212 0.244830978975 0.560957655362 
-0.455817526255 0.24540609653 0.561353326024 
-0.455841130364 0.245981579487 0.561750365199 
-0.455864452535 0.246557645007 0.56214897389 
-0.455887366413 0.247134443131 0.562549278412 
-0.455909899001 0.247711975559 0.562951404668 
-0.455932303259 0.248290025676 0.563355478964 
-0.455954627428 0.248868362188 0.563761525195 
-0.4559766187 0.249446730595 0.564169416785 
-0.455998279988 0.250025025022 0.564579027476 
-0.456019990687 0.250603357679 0.564990230706 
-0.456041925101 0.251181794552 0.565403155217 
-0.456063956845 0.251760334072 0.565818306639 
-0.456086061889 0.252338852279 0.566235832103 
-0.456108366732 0.252917044182 0.566655352144 
-0.456130844508 0.253494656674 0.567076590335 
-0.456153242395 0.25407151125 0.567499420123 
-0.456175410295 0.254647531928 0.567923817262 
-0.456197348281 0.255222793114 0.568349908081 
-0.456219158418 0.25579734861 0.568777665502 
-0.456241093648 0.256371222263 0.569206836538 
-0.456263253186 0.25694445316 0.569637219882 
-0.456285510642 0.257517103099 0.570068689009 
-0.456307739989 0.258089218407 0.570501117714 
-0.456329814848 0.258660822969 0.570934379485 
-0.456351660204 0.259231950803 0.571368399131 
-0.456373276124 0.259802651102 0.571803176587 
-0.456394764671 0.260372937221 0.57223871175 
-0.456416378783 0.260942769862 0.572675004554 
-0.456438115678 0.261512089449 0.573112105897 
-0.456459596089 0.262080806136 0.573550142148 
-0.456480696838 0.262648830346 0.573988933292 
-0.456501670873 0.263216072263 0.574427847076 
-0.456522668414 0.263782432142 0.57486661003 
-0.456543689514 0.26434779491 0.57530547501 
-0.456564734222 0.264912066239 0.575744541122 
-0.456585802589 0.265475181661 0.576183681892 
-0.456606792671 0.26603712791 0.576622873179 
-0.456627451646 0.266597966981 0.577062241393 
-0.456647731416 0.2671578117 0.577501759559 
-0.456667884926 0.267716850514 0.577941174769 
-0.456688011396 0.268275261133 0.578380489807 
-0.456707984439 0.26883320672 0.578820083966 
-0.456727678033 0.26939078877 0.579260233419 
-0.456746965804 0.26994801873 0.579701064553 
-0.45676577274 0.270504897814 0.580142601359 
-0.456784098913 0.271061412199 0.580584717344 
-0.456801944398 0.271617481809 0.581027439335 
-0.456819309262 0.272172928477 0.581471020157 
-0.456836193581 0.272727569457 0.581915660867 
-0.456852597422 0.273281213976 0.582361487832 
-0.456868571855 0.273833707523 0.582808525014 
-0.456884243383 0.274384947865 0.583256645899 
-0.456899687145 0.274934884081 0.583705775292 
-0.456914903198 0.275483540403 0.584155913126 
-0.456929891595 0.276030961409 0.584607008296 
-0.456944652391 0.276577221925 0.585058934301 
-0.456959236635 0.277122406771 0.585511666962 
-0.456973770816 0.277666616071 0.58596533266 
-0.45698827906 0.27820997007 0.586419955377 
-0.457002634971 0.278752619475 0.586875408616 
-0.457016814512 0.27929463297 0.587331617199 
-0.45703094417 0.279835958972 0.587788581076 
-0.45704504807 0.280376571552 0.588246351156 
-0.457058999813 0.280916482367 0.588705053822 
-0.457072775362 0.28145568265 0.589164611067 
-0.457086501201 0.281994133503 0.589624643522 
-0.457100201453 0.282531826746 0.590084976872 
-0.457113749718 0.283068799363 0.590545737527 
-0.457127121958 0.283605139238 0.591006949504 
-0.457140444655 0.284141009807 0.591468486333 
-0.457153792927 0.284676528139 0.591930323868 
-0.457167166809 0.28521174388 0.592392588523 
-0.457180617329 0.285746660638 0.592855151324 
-0.457194270957 0.286281214283 0.593317506495 
-0.457208202794 0.286815330672 0.593779455681 
-0.457222412861 0.287348920411 0.594241251764 
-0.457236799179 0.28788190967 0.594702942885 
-0.457251108899 0.288414247011 0.595164276162 
-0.457265293888 0.288945865856 0.595625050419 
-0.457279607061 0.289476676859 0.596085139234 
-0.457294096609 0.290006616442 0.596544569526 
-0.457308509681 0.290535658504 0.597003594189 
-0.457322798143 0.29106381273 0.597462312377 
-0.457337214909 0.291591141542 0.597920597654 
-0.457351808168 0.292117753092 0.598378476922 
-0.457366325066 0.292643823606 0.598836203066 
-0.45738071747 0.293169426814 0.599293875223 
-0.457395238292 0.293694486073 0.599751366946 
-0.457409935719 0.294218894369 0.600208603129 
-0.457424556897 0.294742499223 0.600665583773 
-0.457439002694 0.295265174105 0.601122359854 
-0.457453399583 0.295786829785 0.60157905781 
-0.457467822677 0.296307372204 0.602035599698 
-0.457482272001 0.296826699512 0.602491606203 
-0.457496747581 0.29734471527 0.602946954072 
-0.457511249442 0.297861330301 0.603401896202 
-0.457525726612 0.298376521997 0.60385648075 
-0.457540052679 0.298890365569 0.604310454847 
-0.457554152599 0.299402941128 0.604763668333 
-0.457568026406 0.29991433654 0.605216121234 
-0.457581776133 0.300424624129 0.605667762564 
-0.457595654688 0.300933853836 0.606118465912 
-0.457609710252 0.301442070373 0.606568054227 
-0.457623689966 0.301949311048 0.607016274675 
-0.457637494694 0.302455618174 0.607462977142 
-0.457651250904 0.302961041717 0.607908161689 
-0.457665084701 0.303465631507 0.608351675382 
-0.45767912254 0.303969437521 0.608793138975 
-0.457693388515 0.304472489201 0.609232429309 
-0.4577077562 0.30497478596 0.609669799351 
-0.457722150529 0.305476322122 0.610105399342 
-0.457736571522 0.305977084473 0.610539229353 
-0.457751019198 0.306477034346 0.610971187461 
-0.457765493577 0.306976095326 0.611401020865 
-0.457780045674 0.307474201429 0.611828681489 
-0.457794801944 0.307971301549 0.612254422298 
-0.457809837475 0.308467344741 0.612678342535 
-0.457825152273 0.308962279917 0.613100315832 
-0.457840644346 0.309456102052 0.613520216193 
-0.45785606083 0.309948873871 0.61393791726 
-0.457871302582 0.310440642632 0.614353446042 
-0.457886496069 0.31093143314 0.6147670555 
-0.457901767387 0.311421259937 0.615178895873 
-0.457917242991 0.311910122555 0.615588967228 
-0.45793289597 0.312398040934 0.615997218633 
-0.457948473459 0.312885065193 0.616403523719 
-0.457963876315 0.313371240215 0.616807807482 
-0.457979231 0.313856603485 0.61721007 
-0.457994612615 0.314341182189 0.617610260356 
-0.458010021174 0.314824988535 0.618008252192 
-0.458025507688 0.315308039805 0.618403970517 
-0.458041198607 0.315790360864 0.61879741542 
-0.458057067021 0.316271996912 0.619188586995 
-0.458072860061 0.3167530234 0.619577485329 
-0.458088529577 0.317233479868 0.619964059521 
-0.458104328467 0.317713353273 0.620348183218 
-0.458120355901 0.318192630608 0.620729781447 
-0.458136485444 0.318671298845 0.621108854303 
-0.458152642022 0.319149380693 0.621485401895 
-0.458168825649 0.319626951641 0.621859424319 
-0.458185087331 0.320104066565 0.622230921682 
-0.458201553517 0.320580750387 0.622599894079 
-0.45821824829 0.321057038159 0.622966341617 
-0.458235045213 0.321532980101 0.623330264389 
-0.45825192021 0.32200861609 0.623691713498 
-0.458268999725 0.322483971068 0.624050815474 
-0.458286256845 0.322959034207 0.62440764549 
-0.458303438697 0.323433741957 0.624762203626 
-0.45832049713 0.323908046251 0.625114438975 
-0.458337685035 0.324381921486 0.625464225181 
-0.458355050583 0.32485533194 0.625811538258 
-0.4583723409 0.325328226739 0.626156504733 
-0.458389507833 0.325800575561 0.62649914878 
-0.458406804275 0.326272378125 0.626839344043 
-0.45842432939 0.326743608657 0.627176964542 
-0.45844195674 0.327214203672 0.627511883928 
-0.458459662243 0.327684099873 0.627844078231 
-0.458477572343 0.328153233794 0.628173673986 
-0.458495660123 0.328621582957 0.628500695383 
-0.458513672706 0.329089185062 0.628825016071 
-0.458531561939 0.329556108306 0.629146510084 
-0.45854958071 0.33002246626 0.629465051084 
-0.458567879181 0.330488316072 0.629780615114 
-0.458586457347 0.330953632237 0.630093328716 
-0.458605264199 0.331418445421 0.630403267089 
-0.458624173297 0.331882869213 0.63071043033 
-0.458643160557 0.332346955676 0.63101481855 
-0.458662352421 0.332810666676 0.631316431844 
-0.458681823963 0.333273913194 0.631615168331 
-0.458701575175 0.333736530678 0.631910775231 
-0.45872155505 0.334198344855 0.632203102517 
-0.458741637146 0.334659165913 0.632492150305 
-0.458761848373 0.335118835196 0.632777918736 
-0.458782441609 0.335577238784 0.633060407923 
-0.458803465001 0.336034293695 0.633339618009 
-0.45882466566 0.336489961891 0.633615549105 
-0.458845995411 0.336944241158 0.633888201351 
-0.45886770713 0.337397181976 0.634157574859 
-0.458889899961 0.337848895892 0.63442361877 
-0.45891244745 0.338299585115 0.634686206759 
-0.458935223499 0.338749328888 0.634945365888 
-0.458958101666 0.339198025967 0.635201349148 
-0.458981057864 0.33964565191 0.635454204837 
-0.45900421853 0.340092295146 0.635703680181 
-0.459027607741 0.340538018363 0.635949676156 
-0.45905109905 0.340982846774 0.636192319316 
-0.459074617374 0.341426825931 0.636431633884 
-0.459098162714 0.341870031632 0.636667493531 
-0.459121735072 0.342312483367 0.636899823318 
-0.45914533445 0.342754117857 0.637128623363 
-0.459169011844 0.343194846518 0.637353995806 
-0.459192893691 0.343634542873 0.637576193634 
-0.459216953067 0.344073157316 0.637795367133 
-0.459240937091 0.344510753044 0.638011516393 
-0.4592647976 0.344947336986 0.638224590531 
-0.459288787478 0.345382833265 0.638434463201 
-0.459313005881 0.345817237631 0.638641212437 
-0.459337326364 0.346250651234 0.638845217645 
-0.459361724835 0.346683164743 0.639046653167 
-0.45938632773 0.34711485402 0.63924539263 
-0.459411159121 0.34754576412 0.639441310048 
-0.459436092559 0.347975895049 0.63963427906 
-0.459461052956 0.348405221319 0.639824326685 
-0.459486040312 0.34883367973 0.640011705881 
-0.459511105622 0.349261248067 0.640196515901 
-0.459536375319 0.349687964294 0.640378630369 
-0.459559629609 0.350114141654 0.640549304822 
-0.45957517888 0.350540500866 0.640687045288 
-0.459586376562 0.350966572331 0.640805251403 
-0.459609912664 0.351390130761 0.640968786679 
-0.459649016485 0.35181077284 0.641190054243 
-0.459687123923 0.352230774606 0.641404315099 
-0.459716592325 0.352651191783 0.641581797731 
-0.459742858931 0.35307129104 0.641743998266 
-0.45976915241 0.35349064205 0.641903783302 
-0.459795472759 0.35390925753 0.642061405767 
-0.459821819972 0.354327160365 0.642217015877 
-0.459848194048 0.354744388567 0.642370613665 
-0.459874645977 0.355160898448 0.642522250174 
-0.459901302192 0.355576525728 0.64267205187 
-0.459928186759 0.355991223906 0.64282009387 
-0.459955173227 0.356405119528 0.642966376194 
-0.459982186506 0.356818277586 0.643111000864 
-0.460009226589 0.357230672901 0.643254220772 
-0.460036242475 0.357642249776 0.643396084093 
-0.460063107723 0.358052907184 0.643536337953 
-0.460089849251 0.358462595394 0.643675036197 
-0.460116719935 0.358871339831 0.643812684588 
-0.460143818929 0.359279130159 0.643949430444 
-0.460171019777 0.359685903305 0.644084894431 
-0.460198298385 0.360091611689 0.6442189533 
-0.460225781183 0.360496230181 0.644351859932 
-0.460253492235 0.360899733739 0.644483713482 
-0.460281305087 0.361302097245 0.644614387501 
-0.460309144648 0.361703310967 0.644743806902 
-0.460337010909 0.362103387729 0.644871971681 
-0.46036495486 0.362502381127 0.644998881837 
-0.46039310293 0.362900405141 0.645124537369 
-0.460421530179 0.363297532633 0.645248989271 
-0.460450236589 0.363693776433 0.645372363976 
-0.460479222135 0.364089205436 0.64549463456 
-0.460508486798 0.364483971558 0.645615548137 
-0.460537979556 0.364878210979 0.645735005548 
-0.460567573955 0.365272037678 0.645853133238 
-0.460597245897 0.365665529607 0.645970006292 
-0.460627121809 0.366058712236 0.646085624707 
-0.460657276752 0.366451570165 0.646199937487 
-0.460687710706 0.366844027722 0.646312818193 
-0.460718474642 0.367236029854 0.646424293748 
-0.460749694976 0.36762755148 0.646534617035 
-0.460781395754 0.368018531894 0.646643785215 
-0.46081345051 0.368408857519 0.646751418971 
-0.460845784132 0.368798440611 0.646857395068 
-0.4608783966 0.369187230828 0.646961966402 
-0.460911287888 0.369575152486 0.64706513015 
-0.460944457975 0.369962092037 0.647166507005 
-0.460978008829 0.370347966872 0.647265973751 
-0.461012193301 0.370732739324 0.647363783293 
-0.46104705951 0.371116417745 0.647459932825 
-0.46108235454 0.371499078271 0.64755404305 
-0.461117928194 0.371880852924 0.647645990769 
-0.461153780452 0.372261956919 0.647736028896 
-0.461189911287 0.372642584454 0.647824154643 
-0.461226320679 0.373022900159 0.647909988723 
-0.461263008599 0.373402986588 0.647993407952 
-0.461299975028 0.373782806064 0.648074665256 
-0.461337219939 0.37416233122 0.648153859854 
-0.461374743309 0.374541549675 0.648230865344 
-0.461412545113 0.374920428688 0.648305657697 
-0.461450625329 0.375298905314 0.648378363391 
-0.461488983929 0.375676901493 0.648449006561 
-0.461527620892 0.376054316363 0.648517460802 
-0.461566536191 0.376431115652 0.648583651088 
-0.461605729803 0.376807362882 0.648647577461 
-0.461645201701 0.377183126492 0.648709239983 
-0.461684951864 0.377558482647 0.648768638694 
-0.461724980263 0.377933456295 0.648825773654 
-0.461765286876 0.378307997165 0.648880644905 
-0.46180597367 0.378682029634 0.648933201508 
-0.461847293492 0.379055440226 0.64898331707 
-0.461889243465 0.379428146394 0.649030865583 
-0.461931444234 0.379800110539 0.649075720662 
-0.461973772526 0.380171341074 0.64911785831 
-0.462016481201 0.380541914204 0.649157405025 
-0.462059720385 0.380911951812 0.649194435967 
-0.462103490045 0.381281643892 0.649228951186 
-0.462147688142 0.381651108494 0.649261001752 
-0.462192061772 0.38202035859 0.64929071415 
-0.46223661374 0.382389402015 0.649318112528 
-0.462281723344 0.382758239104 0.649343070486 
-0.462327462789 0.38312683449 0.649365564009 
-0.462373452721 0.383495100011 0.649385719581 
-0.462419569865 0.383862973256 0.649403714339 
-0.462466067081 0.384230429295 0.649419801189 
-0.462513043499 0.384597463667 0.649434181325 
-0.462560372649 0.384964102025 0.649446981195 
-0.462607928418 0.385330385245 0.649458122903 
-0.462655584349 0.385696376913 0.649467227142 
-0.46270331634 0.386062038436 0.649474272701 
-0.462751250814 0.38642718053 0.649479765358 
-0.462799360834 0.386791629757 0.649484005447 
-0.462847393505 0.387155234788 0.649486992958 
-0.462895249656 0.387517880435 0.649488676888 
-0.462943055721 0.387879503892 0.649488930789 
-0.462990886772 0.388240042543 0.649487730582 
-0.463038742797 0.388599433595 0.649485202703 
-0.46308662378 0.388957624645 0.64948147323 
-0.46313452971 0.389314578197 0.649476668586 
-0.463182460572 0.389670261975 0.649470761841 
-0.463230416353 0.390024651134 0.649463500102 
-0.463278397037 0.390377771914 0.649454835202 
-0.463326402613 0.390729725912 0.649445020012 
-0.463374433063 0.391080619544 0.649434204683 
-0.463422488376 0.391430567048 0.649422389192 
-0.463470568535 0.391779697639 0.649409522523 
-0.463518673527 0.392128163478 0.649395478215 
-0.463566854333 0.392476024499 0.649380181181 
-0.463615237375 0.392823205269 0.64936363141 
-0.463663795712 0.393169691779 0.649345828896 
-0.463712276449 0.393515560332 0.649326773631 
-0.463760631405 0.393860790122 0.64930646561 
-0.463809113452 0.394205217223 0.649284904823 
-0.463857770733 0.394548724088 0.649262193259 
-0.46390635035 0.394891260605 0.649238583781 
-0.463954804127 0.395232741116 0.649214175527 
-0.464003384931 0.395573027013 0.649188842027 
-0.464052140906 0.395912010699 0.649162559176 
-0.464100819154 0.396249629446 0.649135453387 
-0.464149269503 0.39658579522 0.649107497718 
-0.464197491951 0.396920382086 0.649078439264 
-0.464245588487 0.397253279788 0.64904817885 
-0.46429381198 0.397584400335 0.649016842902 
-0.464342261571 0.397913691711 0.648984506488 
-0.464390810795 0.398241154443 0.648951169587 
-0.464439333553 0.398566834974 0.648916832183 
-0.464487703393 0.398890847628 0.648881494254 
-0.464535896224 0.399213245219 0.648845104787 
-0.464584038478 0.39953399034 0.648807537326 
-0.46463220522 0.399853106909 0.648768767782 
-0.464680396434 0.400170709248 0.648728922582 
-0.464728561105 0.400486890968 0.6486879748 
-0.464776572781 0.400801715812 0.648645671548 
-0.464824407369 0.401115257552 0.648601913664 
-0.464872191299 0.401427605214 0.648556827589 
-0.464919999638 0.401738873079 0.648510437412 
-0.464967832369 0.402049213388 0.648462616688 
-0.465012527664 0.40236057814 0.648416095177 
-0.465046246501 0.40267758274 0.648377826839 
-0.465073819956 0.402997454984 0.648343679029 
-0.465118765754 0.403306527273 0.648293168546 
-0.465185613394 0.403602197275 0.648222241751 
-0.465250970811 0.403898134038 0.648151003167 
-0.465304058952 0.404200582659 0.648088636744 
-0.465352591094 0.404504903038 0.648028314345 
-0.465401147429 0.404808340067 0.647965981404 
-0.46544972794 0.405110894272 0.647901637947 
-0.465498332604 0.405412637583 0.647835284022 
-0.465546961404 0.405713747537 0.647766919655 
-0.46559561432 0.406014380766 0.647696442899 
-0.465644291333 0.406314664222 0.64762360091 
-0.465693043419 0.406614668394 0.647548345588 
-0.465741996994 0.406914381146 0.647470929854 
-0.465791176111 0.407213841377 0.647391452927 
-0.465840454304 0.407513163391 0.647309788398 
-0.465889705468 0.407812399964 0.647225963237 
-0.46593880315 0.408111513672 0.647140230352 
-0.465987825249 0.408410548793 0.647052586952 
-0.466037151064 0.408709670207 0.646962653744 
-0.466086852809 0.409008970916 0.646870256544 
-0.466136551133 0.409308438779 0.646775521838 
-0.466186122768 0.409608056582 0.64667852477 
-0.466235820578 0.409907799549 0.646579265377 
-0.466285743699 0.410207637863 0.646477743718 
-0.466335765665 0.41050753411 0.646373959829 
-0.466385862365 0.410807445875 0.646267811776 
-0.466436160214 0.411107323106 0.646159046723 
-0.466486683265 0.411407187286 0.646047463592 
-0.466537305049 0.411707165381 0.645932936007 
-0.466588001455 0.412007378882 0.645815541978 
-0.466638898901 0.412307942102 0.645695660881 
-0.466690021436 0.412608907818 0.64557351803 
-0.466741242594 0.412910238613 0.645449113459 
-0.466792487265 0.413211902269 0.645322498221 
-0.466843755432 0.41351387402 0.645193798786 
-0.466895098067 0.413816154662 0.645063090281 
-0.466946641586 0.414118782654 0.644930372725 
-0.466998359043 0.414421775932 0.644795595164 
-0.467049997535 0.414725122382 0.644658631183 
-0.467101508877 0.415028799713 0.644519507746 
-0.467153145933 0.415332770525 0.644378477756 
-0.467205007837 0.415636946524 0.644235640414 
-0.467256968121 0.415941163881 0.64409086929 
-0.467308951678 0.416245320436 0.643944140339 
-0.467360958486 0.416549404101 0.643795580014 
-0.467412988523 0.416853367125 0.643645263426 
-0.467465041768 0.417157108921 0.643493190583 
-0.467517169195 0.417460524093 0.643339259516 
-0.467569497217 0.417763499422 0.643183217362 
-0.467621998889 0.418065922021 0.643024965002 
-0.467674421305 0.418367678686 0.642864628903 
-0.467726665284 0.418668727941 0.642702335189 
-0.467778857253 0.418969133604 0.642538210312 
-0.467831072273 0.419268959314 0.642372380381 
-0.467883310324 0.419568268887 0.642204971836 
-0.467935520383 0.419867115757 0.64203595778 
-0.467987575995 0.420165538447 0.641865085335 
-0.468039504059 0.420463534576 0.641692357362 
-0.468091557437 0.420761041519 0.641518153185 
-0.468143784266 0.421057986635 0.641342596061 
-0.468195931641 0.421354282022 0.6411654331 
-0.46824790038 0.421649860434 0.640986514158 
-0.468299816907 0.421944684552 0.64080583924 
-0.468351807282 0.422238717173 0.640623408371 
-0.468403997918 0.422531920983 0.640439221558 
-0.468456361865 0.422824299584 0.640253278825 
-0.46850864622 0.423115916816 0.640065580178 
-0.468560751798 0.423406826143 0.639876023649 
-0.468612805025 0.423697066116 0.639684356372 
-0.468664880962 0.423986568084 0.639490428233 
-0.468716979587 0.424275105084 0.639294239261 
-0.468769100874 0.424562537509 0.639095840509 
-0.4688212448 0.424848853359 0.63889535844 
-0.468873411341 0.425134035579 0.638692868182 
-0.468925600475 0.425418059525 0.63848836975 
-0.468977812175 0.425700905739 0.638281761191 
-0.469030046419 0.425982562227 0.638072789649 
-0.469082354179 0.42626301704 0.637861305025 
-0.469134861868 0.426542258188 0.63764730736 
-0.469187542535 0.426820314523 0.637430847719 
-0.469240143276 0.427097275205 0.637212052579 
-0.469292666899 0.427373224046 0.636990844088 
-0.469345492702 0.427648237556 0.636766842967 
-0.469398692892 0.427922392032 0.636539977052 
-0.469451888116 0.428195763976 0.63631062571 
-0.469504955101 0.428468444976 0.636078963255 
-0.469558146708 0.428740549463 0.635844863278 
-0.46961156207 0.429012166038 0.635608250761 
-0.469665074715 0.429283345903 0.635369125742 
-0.469718609532 0.429554140114 0.635127590284 
-0.469772166499 0.429824599871 0.634883897294 
-0.469825796586 0.430094704829 0.634638196981 
-0.469879626206 0.430364329174 0.634390489355 
-0.469933628409 0.430633372958 0.634140774456 
-0.469987550288 0.4309017736 0.633889052294 
-0.47004129266 0.431169540098 0.633635322907 
-0.470094981948 0.431436786888 0.633379586307 
-0.470148744209 0.431703602579 0.633121842531 
-0.470202705854 0.431970038379 0.63286209159 
-0.470256839934 0.432236099451 0.632600333522 
-0.470310893542 0.432501723209 0.632336568337 
-0.470364818491 0.432766872747 0.632070745076 
-0.470418867639 0.433031548704 0.631802737314 
-0.470473191116 0.433295767019 0.631532317028 
-0.470527788885 0.433559566262 0.631259104933 
-0.470582609909 0.433823000192 0.630982926869 
-0.470637527716 0.434086145309 0.63070390933 
-0.470692518191 0.434349021793 0.630422229477 
-0.470747707747 0.43461156706 0.630138140227 
-0.470803120429 0.434873713606 0.629851638811 
-0.470858629767 0.435135386209 0.629562345942 
-0.470914211645 0.435396560865 0.629270138458 
-0.470969992476 0.435657288796 0.628975269283 
-0.471025996307 0.435917641477 0.628677837659 
-0.471082096665 0.436177720702 0.628377717182 
-0.471138269436 0.436437587171 0.628074883843 
-0.471194641033 0.43669724152 0.627769464122 
-0.4712512355 0.436956689483 0.627461482171 
-0.471307926369 0.437215944342 0.627150811587 
-0.471364689522 0.437475029537 0.626837479358 
-0.471421651373 0.437733983637 0.626521738396 
-0.471478835968 0.437992850196 0.626203636928 
-0.471536116835 0.438251680426 0.625882922099 
-0.471593469859 0.438510525383 0.62555944382 
-0.471651021454 0.438769436275 0.62523320213 
-0.471708846661 0.439028494752 0.6249043501 
-0.471766945445 0.43928782788 0.624573267076 
-0.471825215771 0.439547470552 0.624240127351 
-0.471883404731 0.439807322239 0.623904804492 
-0.471941464138 0.440067303093 0.62356727446 
-0.471999646852 0.440327363171 0.623227663705 
-0.472058052004 0.440587462865 0.622886098341 
-0.472116553122 0.440847577525 0.622542704808 
-0.472175024098 0.441107646867 0.622197660202 
-0.472233338473 0.441367557739 0.621851217384 
-0.472291472147 0.441627202415 0.621503526512 
-0.472349551544 0.441886480395 0.621154587553 
-0.472407600725 0.442145271077 0.620804502487 
-0.47246549323 0.442403423399 0.620453524153 
-0.472523153964 0.442660812241 0.620101802676 
-0.472580582914 0.442917349775 0.619749338002 
-0.472637729071 0.443172963733 0.619396334074 
-0.472694465987 0.443427604227 0.619043296579 
-0.472750718581 0.443681226622 0.618690627746 
-0.472806486853 0.443933793679 0.618338580345 
-0.472861719808 0.444185283574 0.617987406404 
-0.47291629101 0.444435697004 0.617637358671 
-0.472970176389 0.44468504997 0.617288587151 
-0.473023502392 0.444933381099 0.616941091696 
-0.473076293109 0.445180749313 0.616594872142 
-0.473128422104 0.445427243811 0.616249928346 
-0.473179916301 0.445672933138 0.61590631114 
-0.473231028584 0.445917855911 0.615564146818 
-0.473281807113 0.446162050639 0.615223408293 
-0.473331999005 0.446405555933 0.614883842543 
-0.4733815561 0.446648405199 0.614545350249 
-0.473430731277 0.446890624401 0.614208057718 
-0.473479572699 0.447132219036 0.613871937885 
-0.47352782748 0.447373164493 0.613536737739 
-0.473575447461 0.447613426036 0.613202357982 
-0.47362268552 0.447852953771 0.612868924936 
-0.473669589819 0.448091692852 0.612536462549 
-0.473715907473 0.448329580747 0.612204844264 
-0.47376159032 0.448566560209 0.611873943874 
-0.473806891238 0.448802581356 0.611543634834 
-0.473851909388 0.449037574056 0.611213943945 
-0.473896518316 0.449271437859 0.610885123983 
-0.47394059194 0.44950409301 0.610557222988 
-0.473984003821 0.449735489642 0.610229987969 
-0.474026780882 0.44996561374 0.609903319649 
-0.474069176001 0.450194503945 0.609577344368 
-0.474111288337 0.450422147801 0.609252137093 
-0.474152991435 0.450648457509 0.60892769772 
-0.474194159214 0.450873396536 0.608603924138 
-0.474234665232 0.451097003526 0.60828056337 
-0.474274536412 0.45131929153 0.607957516159 
-0.474314025631 0.451540235969 0.60763490886 
-0.47435318105 0.451759786855 0.607312816461 
-0.47439174978 0.451977856395 0.606991238869 
-0.47442963266 0.452194377468 0.606670073994 
-0.474466956132 0.452409312862 0.606349068875 
-0.474503744282 0.452622650993 0.606028175268 
-0.474539870668 0.452834417872 0.605707645981 
-0.474575311216 0.453044608853 0.60538758009 
-0.474610192364 0.453253174085 0.605067851072 
-0.474644538201 0.453460099574 0.604748332765 
-0.474678222282 0.453665423978 0.604428898659 
-0.474711169535 0.453869145062 0.604109473604 
-0.474743379965 0.454071200328 0.603790057539 
-0.474774853583 0.454271568279 0.603470701398 
-0.474805590395 0.454470287573 0.603151531554 
-0.474835641408 0.454667320279 0.602832572019 
-0.474865133062 0.454862515397 0.602513696284 
-0.474894089441 0.455055849879 0.602194829203 
-0.474922384101 0.455247488828 0.601875970716 
-0.474949992966 0.455437515294 0.601557069764 
-0.474977042474 0.455625892065 0.601237999855 
-0.475003505711 0.455812643257 0.600918736853 
-0.475029129798 0.455997883383 0.600599407149 
-0.475053866584 0.456181685848 0.600280085768 
-0.475077968955 0.456364064008 0.599960772652 
-0.475101536078 0.456545036295 0.599641416745 
-0.475124441509 0.456724628708 0.599321891555 
-0.475146610172 0.456902816187 0.599002121954 
-0.47516804207 0.457079498291 0.598682107896 
-0.475188737211 0.457254579989 0.59836184934 
-0.475208695597 0.457427973491 0.598041346241 
-0.475227917239 0.457599652481 0.597720598557 
-0.475246402136 0.457769680901 0.597399606246 
-0.475264201294 0.457938076629 0.597078471258 
-0.475281441151 0.45810478981 0.596757446423 
-0.475298145788 0.458269826848 0.596436579845 
-0.475314188757 0.458433276969 0.596115618587 
-0.47532954598 0.458595249561 0.595794463434 
-0.475344343891 0.458755884413 0.595473240781 
-0.475358606571 0.458915254634 0.595152076655 
-0.475372207575 0.459073335634 0.594831097438 
-0.475385071823 0.459230179407 0.594510276151 
-0.475397199316 0.459385951019 0.594189359859 
-0.475408641059 0.459540809973 0.593868300346 
-0.475419523485 0.459694908674 0.593547350444 
-0.475429870677 0.459848378698 0.593226507264 
-0.475439556185 0.460001321864 0.592905391435 
-0.475448504931 0.4601538142 0.592583879674 
-0.475456716915 0.460305894298 0.592262224825 
-0.47546424314 0.460457641437 0.591940373019 
-0.47547121004 0.460609195352 0.591617818463 
-0.475477692692 0.460760618879 0.591294413817 
-0.475483691082 0.460911862087 0.590970538385 
-0.475489103208 0.461062895588 0.590646315393 
-0.475493676184 0.46121372003 0.590321491932 
-0.475497361856 0.461364397255 0.589995917827 
-0.475500413104 0.461515079634 0.589669593063 
-0.475502929094 0.461665847697 0.589342619632 
-0.475504783374 0.461816676791 0.589015250388 
-0.475505900865 0.46196753213 0.588687482479 
-0.475506281565 0.462118363776 0.588358936559 
-0.475505976477 0.462269127033 0.588029489378 
-0.475505112032 0.46241978461 0.587699393805 
-0.47550371231 0.462570329922 0.587368748996 
-0.475501650858 0.462720801545 0.587037428489 
-0.475498903595 0.46287121754 0.586705357197 
-0.475495596952 0.463021565904 0.586372535105 
-0.475491755007 0.463171814268 0.586038962212 
-0.475487251309 0.463321900056 0.585704638503 
-0.475482010778 0.463471740473 0.585369512979 
-0.475476033409 0.463621222374 0.585033459192 
-0.475469319207 0.463770232945 0.58469655506 
-0.475461868168 0.463918659051 0.584359179888 
-0.475453680297 0.464066454187 0.584021507902 
-0.475444755588 0.464213669595 0.58368341263 
-0.475435145043 0.464360300277 0.583344818969 
-0.475424975093 0.464506258391 0.583005726894 
-0.475414269815 0.464651400259 0.582666085392 
-0.475402902756 0.464795498967 0.582325768002 
-0.475390798834 0.464938379268 0.581984699638 
-0.475377958045 0.465079940705 0.581642880287 
-0.475364431388 0.465220062728 0.581300258952 
-0.475350345295 0.465358594314 0.580956709185 
-0.475335672844 0.465495420595 0.580612206911 
-0.475320161146 0.465630479067 0.580266878566 
-0.475303762044 0.465763712527 0.579920697241 
-0.475286728414 0.465895071119 0.579573410053 
-0.475269108422 0.466024571451 0.579224866861 
-0.475250649177 0.466152328035 0.578875067677 
-0.475231251524 0.466278404078 0.578524063528 
-0.475211041904 0.466402787645 0.57817198086 
-0.475190044409 0.466525405662 0.577818792781 
-0.475168132596 0.46664609447 0.577464246419 
-0.475145231397 0.466764777608 0.577108089654 
-0.475121340817 0.466881506371 0.576750069639 
-0.475096562868 0.466996326835 0.576390138274 
-0.475071150425 0.467109277646 0.576028548475 
-0.475045151651 0.467220412664 0.575665450459 
-0.475018313654 0.467329808461 0.575300844247 
-0.47499053728 0.467437470016 0.574934627892 
-0.474961948967 0.467543296883 0.574566548543 
-0.474932623801 0.46764725013 0.574196456106 
-0.474902561774 0.467749381041 0.573824350625 
-0.474871711891 0.467849740778 0.57345018118 
-0.474839947707 0.467948380619 0.573073821379 
-0.474807245151 0.468045377217 0.57269529822 
-0.47477373066 0.468140845063 0.572314864631 
-0.474739428325 0.468234821842 0.571932619845 
-0.474704211699 0.468327232378 0.571548437456 
-0.474668107708 0.468418042535 0.571162293452 
-0.474631369226 0.46850727829 0.570774314308 
-0.474594044413 0.468594909475 0.570384524173 
-0.474555880376 0.468680822985 0.569992796641 
-0.474516726962 0.468764982565 0.569599158694 
-0.474476584171 0.468847464774 0.569203863243 
-0.474435503017 0.468928315375 0.568806907512 
-0.474393609935 0.469007535058 0.56840791221 
-0.474350929015 0.469085190829 0.568006703166 
-0.474307333809 0.469161447743 0.567603406869 
-0.474262800245 0.469236485694 0.567198200471 
-0.474217454759 0.469310507652 0.56679133688 
-0.474171423432 0.469383705811 0.566382864317 
-0.474124832689 0.469456257832 0.565972529924 
-0.474077706601 0.469528294974 0.5655602346 
-0.47402991871 0.469599881089 0.56514610482 
-0.473981393929 0.469671090048 0.56473026672 
-0.473932132247 0.469742010984 0.564312846764 
-0.47388218466 0.469812737873 0.563893869079 
-0.47383167759 0.469883372484 0.563473207245 
-0.473780584114 0.469953960191 0.563050939221 
-0.473728651335 0.470024463672 0.562627444341 
-0.473675831093 0.470094825315 0.562202845874 
-0.473622376256 0.470164957225 0.56177689094 
-0.473568436979 0.470234807466 0.561349531402 
-0.473514013238 0.470304376655 0.560921020143 
-0.473459054018 0.470373696011 0.560491456347 
-0.473403432861 0.470442842013 0.560060713566 
-0.473347125675 0.470511824626 0.559628767738 
-0.473290258884 0.470580555955 0.559195745297 
-0.473232856559 0.470648989161 0.558761670342 
-0.473174792241 0.470717137505 0.558326416427 
-0.473116041838 0.470785009114 0.557889959486 
-0.473056731774 0.470852604604 0.557452425957 
-0.472996937116 0.470919888896 0.557013941931 
-0.472936657841 0.470986774099 0.556574633832 
-0.472875842933 0.471053182783 0.556134474745 
-0.472814365933 0.471119052353 0.555693211776 
-0.472752202749 0.4711843765 0.555250745777 
-0.472689479806 0.471249231712 0.554807203183 
-0.472626272169 0.471313684064 0.55436265909 
-0.472562579815 0.47137778475 0.553917113486 
-0.472498402727 0.471441564421 0.553470515384 
-0.472433740878 0.471505023692 0.553022738337 
-0.472368594252 0.471568122382 0.552573656288 
-0.472302962823 0.471630759955 0.552123142802 
-0.472236795577 0.471692856572 0.551671173832 
-0.472169966053 0.471754362281 0.551217875825 
-0.472102450161 0.47181526808 0.550763323892 
-0.472034374324 0.47187562517 0.550307518033 
-0.471965762611 0.47193545401 0.549850458273 
-0.471896488563 0.471994729933 0.549392144613 
-0.471826579085 0.472053433451 0.548932475083 
-0.471756287036 0.472111552542 0.548471196812 
-0.471685660559 0.472169126223 0.54800826168 
-0.471614446745 0.472226268907 0.547543922581 
-0.471542495421 0.472283023287 0.547078227717 
-0.471469806575 0.472339326754 0.546610924217 
-0.471396431201 0.472395132186 0.546141810968 
-0.471322495721 0.472450414912 0.545670761558 
-0.471248075202 0.472505191135 0.54519775197 
-0.471173169618 0.472559537331 0.544722908673 
-0.471097727956 0.472613534863 0.544246357805 
-0.471021623754 0.472667272844 0.543768225825 
-0.47094483292 0.472720824831 0.543288485862 
-0.470867481877 0.472774241997 0.542806885055 
-0.470789594696 0.472827575369 0.542323273305 
-0.470711044914 0.472880876114 0.541837650644 
-0.470631859438 0.472934230949 0.541349966145 
-0.470552291125 0.47298777954 0.540860093406 
-0.470472388119 0.473041610148 0.540368059419 
-0.47039189751 0.473095735991 0.539874117102 
-0.470310669125 0.473150170243 0.539378161692 
-0.470228702951 0.473204926118 0.538879561032 
-0.470146049981 0.473260016789 0.538378143814 
-0.470062836638 0.47331545547 0.537874415858 
-0.469979086991 0.473371275727 0.537368575581 
-0.469894674579 0.473427541348 0.536860370141 
-0.469809575311 0.473484275128 0.536349700462 
-0.469723915607 0.473541439699 0.535836693034 
-0.469637770536 0.473599013091 0.535321474022 
-0.469551140071 0.473656995868 0.534804169902 
-0.469464024194 0.47371536309 0.534284753831 
-0.469376422878 0.4737740521 0.533762972967 
-0.469288336106 0.473833020821 0.533238677236 
-0.46919976385 0.473892257177 0.532711866689 
-0.469110706094 0.473951789922 0.532182541424 
-0.469021162809 0.47401170813 0.531650701491 
-0.468931082983 0.474072039415 0.531116448978 
-0.468840340152 0.474132721119 0.530580036809 
-0.468748859229 0.47419368566 0.530041615217 
-0.4686566402 0.474254857744 0.529501184227 
-0.468563785055 0.474316203086 0.528958743905 
-0.468470546651 0.474377747544 0.528414294274 
-0.468377024128 0.474439527099 0.527867886395 
-0.468283091012 0.474501592893 0.527319646729 
-0.468188723197 0.474563985717 0.526769548413 
-0.468094047092 0.474626731421 0.526217338591 
-0.467999035754 0.474689809877 0.525663122153 
-0.467903436274 0.47475313314 0.525107531314 
-0.467807149477 0.474816603316 0.524550839506 
-0.467710301783 0.474880107179 0.523992793835 
-0.467613019256 0.474943521634 0.523433346155 
-0.467515428305 0.475006708177 0.522872749336 
-0.467417552987 0.475069579707 0.522311153551 
-0.467319266826 0.47513212417 0.521748558774 
-0.467220494719 0.475194339749 0.521184965006 
-0.467121236641 0.475256239676 0.520620372224 
-0.467021543571 0.475317826952 0.520054882422 
-0.466921541916 0.475379089517 0.519488748447 
-0.466821255734 0.475439989856 0.518922018446 
-0.466720558551 0.475500452695 0.5183544395 
-0.466619426259 0.47556041828 0.517785963434 
-0.466517985269 0.475619849273 0.517216843095 
-0.46641620864 0.475678733951 0.516647126631 
-0.466313843461 0.475737098194 0.516076561125 
-0.466210892552 0.475794967817 0.5155050984 
-0.466107735204 0.475852368696 0.514932991305 
-0.466004494633 0.475909296044 0.51436044098 
-0.465900917916 0.475965699872 0.513787573813 
-0.465796905863 0.476021550745 0.513214464845 
-0.465692584883 0.476076849253 0.51264111402 
-0.465587979032 0.476131580693 0.512067521293 
-0.465482961838 0.476185707723 0.511493686606 
-0.465377509194 0.476239193118 0.510919456927 
-0.465271747511 0.47629199954 0.510344452893 
-0.465165751842 0.476344110164 0.509768398253 
-0.465059522148 0.476395538227 0.509191166553 
-0.464953007402 0.476446358135 0.50861278472 
-0.464846081129 0.476496734843 0.508033505617 
-0.464738668229 0.47654677674 0.507453428407 
-0.464630768675 0.476596509687 0.506872426622 
-0.464522433448 0.476645964574 0.506290425181 
-0.464413788958 0.476695179901 0.505707424064 
-0.464304859262 0.476744188962 0.505123474272 
-0.464195517887 0.476793017609 0.504538702221 
-0.464085791725 0.476841671222 0.50395313199 
-0.463975933622 0.476890125076 0.50336663711 
-0.463865991708 0.476938395318 0.502779193498 
-0.463755713062 0.476986558372 0.50219092757 
-0.463644998495 0.477034680242 0.501601914401 
-0.463533974417 0.477082812057 0.501012153961 
-0.463422715883 0.477130999698 0.500421748231 
-0.463311222854 0.477179281644 0.499830950054 
-0.463199495301 0.477227665662 0.49923970557 
-0.463087533187 0.477276114367 0.498647508983 
-0.462975285483 0.477324626176 0.49805411097 
-0.462862625717 0.477373252209 0.49745963796 
-0.462749580783 0.477422017939 0.496864267038 
-0.462636403527 0.477470911264 0.496268251058 
-0.462523142079 0.477519904813 0.495671587174 
-0.46240954352 0.477568948553 0.495073896037 
-0.462295508662 0.47761805379 0.494474952414 
-0.462181163915 0.477667322218 0.493874756298 
-0.462066584335 0.477716834833 0.493273256715 
-0.461951769884 0.477766642743 0.492670327223 
-0.461836720534 0.477816771405 0.492065994768 
-0.461721436247 0.477867208702 0.491460512227 
-0.461605865997 0.47791794255 0.490853927783 
-0.461489883313 0.477968960833 0.490245988547 
-0.461373515088 0.478020246366 0.489636697376 
-0.461257014169 0.478071774391 0.489026433583 
-0.461140428687 0.478123571212 0.488415269425 
-0.461023505725 0.478175738509 0.487802825563 
-0.460906197092 0.478228367459 0.487188927777 
-0.460788755633 0.478281534443 0.486573702507 
-0.460671229482 0.478335274814 0.485957275859 
-0.46055336572 0.478389563796 0.485339774261 
-0.460435065159 0.478444391974 0.484721221808 
-0.460316454211 0.478499772505 0.484101492046 
-0.460197658929 0.4785556981 0.483480458916 
-0.460078805714 0.478612131338 0.482857995974 
-0.459959918609 0.478669045098 0.482234079171 
-0.459840871133 0.47872642725 0.481608834946 
-0.459721588169 0.478784306489 0.480982236415 
-0.459602069685 0.478842771831 0.480354030698 
-0.45948231565 0.47890191203 0.47972422067 
-0.459362326031 0.478961816092 0.479093185653 
-0.459242100799 0.47902254216 0.478460946923 
-0.459121639919 0.479084103371 0.477826998718 
-0.459000943363 0.479146507713 0.477191193756 
-0.458880011096 0.479209755678 0.476553911371 
-0.458758894087 0.479273893643 0.475915325846 
-0.458637718737 0.479339035891 0.475275310736 
-0.458516509092 0.479405255561 0.474633790993 
-0.458395138669 0.479472565779 0.473990766622 
-0.458273532356 0.479540959214 0.473346288657 
-0.458151690118 0.479610398414 0.472700483536 
-0.458029662924 0.47968084092 0.472053426368 
-0.457907577177 0.47975223664 0.471405117142 
-0.457785456922 0.479824510111 0.470755504885 
-0.457663175678 0.479897548028 0.470104463152 
-0.457540658332 0.479971262898 0.469451814902 
-0.457417904851 0.480045604643 0.468797307265 
-0.457294966204 0.480120523317 0.468140841138 
-0.457171968794 0.480195968848 0.467482542981 
-0.457048987665 0.480271937191 0.466822538931 
-0.45692602277 0.480348492069 0.466160955436 
-0.456802972073 0.480425676608 0.465497867618 
-0.45667958266 0.480503503948 0.464833275481 
-0.456555806342 0.480581997379 0.46416717906 
-0.45643189597 0.480661195325 0.463499578356 
-0.456307950675 0.480741130988 0.462830371415 
-0.456183843978 0.480821830145 0.462159305364 
-0.456059500766 0.480903292986 0.461486383093 
-0.455934921008 0.480985482065 0.460811983931 
-0.455810206672 0.481068370235 0.460136282161 
-0.455685610596 0.481151945339 0.459459151335 
-0.4555611809 0.481236210547 0.458780516403 
-0.455436664658 0.481321191632 0.458100377367 
-0.455311962669 0.481406934684 0.457418734263 
-0.455187201339 0.481493516049 0.456735587091 
-0.455062404714 0.481580960841 0.456051037881 
-0.454937446316 0.481669218964 0.455365339504 
-0.454812302031 0.481758255752 0.454678540144 
-0.454687098263 0.481848059041 0.453990386903 
-0.45456185906 0.481938616692 0.453300780646 
-0.454436457944 0.482029916543 0.452609847808 
-0.454310921798 0.482121951553 0.451917714491 
-0.454185503463 0.482214722204 0.45122450712 
-0.45406025106 0.482308285061 0.450530147794 
-0.453934911663 0.482402779682 0.449834257182 
-0.453809335077 0.482498227915 0.449136865065 
-0.453683521272 0.482594478504 0.448438603633 
-0.453557572217 0.482691431614 0.447739746292 
-0.453431740754 0.482789062437 0.447040040124 
-0.453306075005 0.482887366626 0.446339283966 
-0.453180322043 0.482986369948 0.445637351359 
-0.453054382673 0.483086123583 0.444934218237 
-0.452928383299 0.483186716515 0.444230011022 
-0.452802398968 0.483288201755 0.443524804806 
-0.452676429638 0.483390579772 0.442818599565 
-0.452550475271 0.483493845918 0.442111395305 
-0.452424535826 0.483597988018 0.441403192002 
-0.452298611263 0.483703029614 0.44069404066 
-0.452172701543 0.483809047033 0.43998406769 
-0.452046806626 0.483916111269 0.439273246175 
-0.451920926471 0.484024285999 0.438561323208 
-0.451795061042 0.4841335939 0.437848199637 
-0.451669210297 0.484243997493 0.437134001887 
-0.451543374198 0.484355454292 0.436418856047 
-0.451417552705 0.484467914178 0.435702888528 
-0.451291745781 0.484581352659 0.434986225404 
-0.451165953385 0.484695782838 0.434268993076 
-0.45104017548 0.484811182066 0.433551164611 
-0.450914412027 0.484927474937 0.432832487091 
-0.450788713985 0.485044627049 0.43211286135 
-0.450663207749 0.485162664153 0.431392413801 
-0.45053786636 0.485281571111 0.430671270518 
-0.450412436895 0.485401272522 0.429949557903 
-0.45028682016 0.485521703388 0.429227198026 
-0.450161142561 0.485642813602 0.428503811534 
-0.45003547915 0.485764548088 0.427779326188 
-0.449909829885 0.485886844099 0.427054121282 
-0.44978424573 0.486009679854 0.426328371053 
-0.449658853079 0.486133093759 0.42560194902 
-0.449533675971 0.486257113898 0.424874729095 
-0.449408587919 0.486381753384 0.424146584806 
-0.449283513802 0.486506984482 0.423417390082 
-0.449158453583 0.486632719157 0.422687018466 
-0.449033458223 0.486758905312 0.421955394896 
-0.448908654119 0.486885543423 0.421222519362 
-0.448784014313 0.487012598256 0.420488442888 
-0.448659285883 0.487139981778 0.419753291897 
-0.448534420634 0.487267657203 0.419017090489 
-0.448409671412 0.487395662942 0.418279712205 
-0.448285188336 0.487524011788 0.417541132982 
-0.448160971358 0.487652678929 0.416801479246 
-0.448036969432 0.487781629419 0.416060724098 
-0.447913056071 0.48791081316 0.415318614645 
-0.447789156159 0.488040215891 0.41457494976 
-0.447665269657 0.488169876022 0.413829603009 
-0.447541396532 0.488299842045 0.413082652355 
-0.447417536748 0.488430177653 0.412334477115 
-0.447293792264 0.488560946345 0.411585047573 
-0.447170415917 0.488692211808 0.410833731527 
-0.447047506815 0.488823950836 0.410080306629 
-0.446924938464 0.488956012168 0.409325152222 
-0.446802584732 0.489088280669 0.408568442606 
-0.446680319136 0.489220693596 0.407810051344 
-0.446558117556 0.489353234277 0.407049954406 
-0.446436106393 0.489485953764 0.406288278237 
-0.446314309686 0.489618892757 0.405524893977 
-0.446192600953 0.489752077014 0.404759295882 
-0.446070956075 0.489885460817 0.403991438697 
-0.445949501451 0.490018892912 0.403221954648 
-0.44582831212 0.490152278574 0.402451168187 
-0.445707388036 0.490285605641 0.401678952867 
-0.445586729152 0.490418902779 0.400905182644 
-0.445466335421 0.490552258975 0.400129731081 
-0.445346206798 0.490685752752 0.399352676139 
-0.445226343236 0.490819447799 0.398574397134 
-0.445106744689 0.490953377015 0.39779496634 
-0.444987411113 0.491087528219 0.397014004424 
-0.44486834246 0.491221904559 0.396231388179 
-0.444749538686 0.491356531785 0.395447370486 
-0.444630999745 0.491491445765 0.394662203532 
-0.444512725593 0.491626697532 0.393876140175 
-0.444394665188 0.491762363462 0.393089381575 
-0.444276692049 0.491898557801 0.392302054129 
-0.444158833055 0.492035333253 0.391514283898 
-0.444041341045 0.492172652332 0.390726197266 
-0.443924264137 0.492310492942 0.389937767287 
-0.443807349402 0.492448855527 0.38914874103 
-0.443690497639 0.492587699722 0.388359019313 
-0.443573835251 0.492726924819 0.387568728536 
-0.443457437279 0.492866430396 0.38677799476 
-0.443341303681 0.493006115753 0.385986944371 
-0.443225434412 0.493145916178 0.385195703415 
-0.443109829429 0.493285819484 0.384404398267 
-0.442994488689 0.493425798218 0.383613001968 
-0.442879412149 0.493565802263 0.382821261575 
-0.442764599765 0.493705751048 0.38202912889 
-0.442650051496 0.493845518598 0.381236856738 
-0.442535767299 0.493985020099 0.380444391252 
-0.44242174713 0.494124230738 0.379651226618 
-0.442307990949 0.494263105373 0.378857164501 
-0.442194498712 0.494401568614 0.37806245775 
-0.442081270377 0.49453961159 0.377267256517 
-0.441968305903 0.494677323283 0.376471560756 
-0.441855605248 0.494814787321 0.375675319451 
-0.441743168371 0.494952080031 0.374878406121 
-0.441630995229 0.495089246923 0.374080745679 
-0.441519085783 0.495226288457 0.37328233809 
-0.441407490986 0.495363199988 0.37248323435 
-0.441296337234 0.49549996933 0.37168356086 
-0.44118564856 0.495636553733 0.370883290695 
-0.441075298474 0.49577286515 0.370082170938 
-0.440965211851 0.495908856584 0.369280204423 
-0.440855388651 0.496044541145 0.368477770436 
-0.44074587983 0.4961799523 0.367674992207 
-0.440636811785 0.496315153728 0.366871616808 
-0.440528208547 0.496450168126 0.366067494067 
-0.44041994363 0.496584958017 0.365262623951 
-0.440311992906 0.496719470731 0.364457006461 
-0.440204482771 0.496853630863 0.363650641563 
-0.440097437258 0.496987383626 0.362843427263 
-0.439990729882 0.497120704194 0.362035110659 
-0.439884336514 0.497253567814 0.361225694601 
-0.439778383553 0.497385949661 0.360415558386 
-0.439672895031 0.497517850483 0.359604825263 
-0.439567744464 0.497649308673 0.358793242315 
-0.439462958722 0.497780352316 0.357980710384 
-0.439358790637 0.497910994512 0.357167355887 
-0.439255288318 0.498041227926 0.356353151914 
-0.439152198832 0.498171015082 0.355537845563 
-0.439049422968 0.498300364513 0.354721490682 
-0.438947087124 0.498429352534 0.353904593005 
-0.438845215336 0.498558004247 0.353087452844 
-0.43874368112 0.498686269524 0.352270070142 
-0.438642409353 0.498814128984 0.35145244487 
-0.438541399999 0.498941608363 0.350634576971 
-0.438440704018 0.499068743526 0.349816517415 
-0.43834044781 0.499195585491 0.34899839258 
-0.438240655411 0.499322190233 0.348180328505 
-0.438141200338 0.499448621409 0.34736245156 
-0.438042058466 0.499574891493 0.346544887765 
-0.437943356196 0.4997009377 0.345727763481 
-0.437845117564 0.499826707624 0.34491110272 
-0.437747216088 0.499952163773 0.344094778959 
-0.437649627643 0.500077278959 0.343278819047 
-0.437552478631 0.500202040979 0.342463475781 
-0.437455793089 0.500326447863 0.341648950238 
-0.437359444535 0.500450512693 0.340835368755 
-0.437263357849 0.500574233214 0.340022755319 
-0.437167532997 0.500697584575 0.339210983383 
-0.437071969944 0.500820577695 0.338399926779 
-0.436976668655 0.500943276228 0.337589458974 
-0.436881680094 0.501065748744 0.336779606806 
-0.436787130662 0.501188071531 0.335970623063 
-0.436693044398 0.501310315558 0.335162606818 
-0.43659929482 0.501432544463 0.334355431528 
-0.436505806811 0.501554775796 0.333549022025 
-0.436412580336 0.501676959398 0.332743378214 
-0.436319666358 0.501799070746 0.331938398019 
-0.436227191281 0.501921122899 0.331133828476 
-0.43613523014 0.502043113577 0.330329570359 
-0.436043782892 0.502165017907 0.329525750035 
-0.43595279849 0.502286795783 0.328722442525 
-0.435862150455 0.502408384403 0.327919647749 
-0.435771763668 0.502529751742 0.327117314644 
-0.435681638098 0.502650910861 0.326315316696 
-0.435591824709 0.502771895182 0.325513629769 
-0.435502449905 0.50289276834 0.32471238023 
-0.435413588723 0.503013537684 0.323911643102 
-0.435325241119 0.503134127761 0.323111418308 
-0.435237407047 0.503254463336 0.322311705783 
-0.435150086463 0.503374468961 0.321512505452 
-0.435063228323 0.503494074508 0.320713919246 
-0.434976706149 0.503613217178 0.319916199959 
-0.434890495821 0.503731839458 0.319119497671 
-0.434804723743 0.503849891197 0.318323812281 
-0.434719464955 0.503967342794 0.317529041705 
-0.434634719415 0.504084194675 0.316734932973 
-0.434550385081 0.504200467669 0.315941539842 
-0.434466209042 0.504316212776 0.315149367981 
-0.434382092108 0.504431445153 0.314358717611 
-0.434298160698 0.504546127288 0.313569588611 
-0.434214540863 0.504660242182 0.312781878867 
-0.434131359008 0.504773802898 0.311995335391 
-0.434048588181 0.504886817366 0.311209807922 
-0.433965975468 0.504999286005 0.310425296368 
-0.433883472677 0.505111204136 0.309641851638 
-0.433801332664 0.505222559531 0.308859600075 
-0.433719705554 0.5053333706 0.308078514668 
-0.433638591304 0.505443700977 0.307298342445 
-0.433557938875 0.505553609015 0.306519035157 
-0.433477621788 0.505663145694 0.305740845596 
-0.433397615927 0.505772356753 0.304963974832 
-0.433318047699 0.505881280523 0.304188549197 
-0.433238941148 0.505989950126 0.303414592666 
-0.433160169798 0.506098391246 0.30264197869 
-0.433081607537 0.506206639692 0.301870734081 
-0.433003127904 0.506314746429 0.301101111609 
-0.432924757792 0.506422752077 0.300333210321 
-0.432846750058 0.506530682308 0.299566903659 
-0.432769203831 0.506638537222 0.298802218421 
-0.432691992636 0.50674627927 0.298039407367 
-0.43261504136 0.506853865911 0.297278569532 
-0.432538349974 0.506961246955 0.296519578348 
-0.432461918452 0.507068392758 0.295762358605 
-0.432385746766 0.507175303707 0.295006910185 
-0.432309783891 0.507281949591 0.294253232966 
-0.432233903364 0.507388254936 0.293501326829 
-0.432158132083 0.507494169985 0.292751140657 
-0.432082722902 0.507599682486 0.292002547898 
-0.432007774953 0.507704780227 0.291255371367 
-0.431933161762 0.507809450957 0.290509358092 
-0.431858859213 0.507913707959 0.289764459821 
-0.431784993714 0.5080176022 0.289020929349 
-0.431711538315 0.508121169201 0.288278865745 
-0.431638240107 0.508224421991 0.287538142474 
-0.4315650509 0.508327373562 0.286798633366 
-0.431492223553 0.50843003694 0.286060211898 
-0.431419857195 0.508532435314 0.285322955906 
-0.431347825356 0.508634606994 0.284587244619 
-0.431276103918 0.50873659528 0.283853201186 
-0.431204819292 0.50883845112 0.283120572624 
-0.431133944528 0.508940189618 0.28238936167 
-0.431063226717 0.509041773211 0.281659947546 
-0.430992617671 0.509143200144 0.28093250438 
-0.430922370249 0.50924452136 0.280206905617 
-0.430852532585 0.509345782557 0.279483127057 
-0.430782851772 0.50944702203 0.278761295028 
-0.430713228626 0.509548262661 0.278041484488 
-0.430643789569 0.509649504811 0.277323695319 
-0.430574558663 0.509750759035 0.276607978393 
-0.430505409448 0.509852050978 0.275894460029 
-0.430436368823 0.509953396009 0.275183164175 
-0.430367689646 0.510054794482 0.274473964268 
-0.430299420052 0.510156236549 0.2737667851 
-0.430231307135 0.510257697276 0.273061626557 
-0.430163200713 0.510359141599 0.272358539514 
-0.430095100774 0.510460519299 0.271657650294 
-0.430027109302 0.510561795598 0.270958931852 
-0.429959479156 0.510662958213 0.270262131194 
-0.429892258471 0.510764010189 0.269567149041 
-0.429825194341 0.510864977174 0.268874111731 
-0.429758187582 0.510965869436 0.268183094232 
-0.429691364618 0.511066674687 0.267494096433 
-0.429624800508 0.511167395971 0.266807118218 
-0.429558495229 0.511268058928 0.266122159478 
-0.429492397759 0.511368689125 0.265439169101 
-0.429426381638 0.511469312198 0.264758020544 
-0.42936042277 0.51156993331 0.264078740617 
-0.429294647577 0.511670527519 0.263401582096 
-0.429229131121 0.511771069957 0.262726644025 
-0.429163873377 0.511871535683 0.262053799854 
-0.429098874321 0.511971920229 0.261383025379 
-0.42903413393 0.512072249229 0.260714446935 
-0.428969601182 0.512172512547 0.260048037484 
-0.428905149618 0.512272647309 0.259383544042 
-0.428840755141 0.512372616324 0.258720969333 
-0.428776544176 0.512472419941 0.258060692576 
-0.428712540785 0.51257203811 0.257402836891 
-0.428648618512 0.512671420605 0.256747149285 
-0.428584753258 0.512770537746 0.256093479477 
-0.428521071448 0.512869389886 0.255441827369 
-0.428457648143 0.512967977375 0.254792192854 
-0.42839448332 0.513066300566 0.254144575835 
-0.428331525958 0.513164359808 0.253499027201 
-0.428268649599 0.513262155451 0.252855673293 
-0.428205881142 0.513359703144 0.25221448708 
-0.428143473449 0.513457041165 0.251575215585 
-0.428081474656 0.513554187283 0.25093765755 
-0.428019631858 0.513651129198 0.25030168646 
-0.427957845873 0.513747864845 0.249667278151 
-0.427896243126 0.51384440721 0.249034558991 
-0.427834898678 0.513940769242 0.248403552981 
-0.427773812508 0.514036963925 0.247774133604 
-0.427712984592 0.514133009304 0.247146174708 
-0.427652414907 0.514228931006 0.24651954979 
-0.427592154427 0.514324754578 0.245894183709 
-0.427532329565 0.514420505644 0.24527007641 
-0.427472913375 0.51451617405 0.244647227838 
-0.427413652951 0.51461169691 0.244025637941 
-0.427354449112 0.514707031916 0.243405306663 
-0.427295428284 0.51480216676 0.242786233952 
-0.427236716526 0.51489707387 0.242168368756 
-0.427178440252 0.514991703008 0.241551584588 
-0.427120623512 0.515086004082 0.240935857321 
-0.427063139837 0.515179926855 0.240321313351 
-0.427005965116 0.515273431441 0.239708027711 
-0.426949225764 0.515366492892 0.239096000348 
-0.426892894833 0.515459086341 0.238485333204 
-0.42683671942 0.515551186844 0.237876279099 
-0.426780600345 0.515642774631 0.237268835131 
-0.426724664033 0.515733837405 0.236662621918 
-0.426669036545 0.515824373104 0.23605756716 
-0.426613844296 0.515914394716 0.235454050125 
-0.426559060339 0.516003915195 0.234852295988 
-0.426504431772 0.516092947526 0.234252304676 
-0.426449859413 0.51618149956 0.23365402511 
-0.42639546969 0.516269571636 0.233057330784 
-0.42634128667 0.516357153896 0.232462197544 
-0.426287183896 0.516444221389 0.231868751767 
-0.42623318827 0.516530774741 0.231277068457 
-0.426179552656 0.51661685222 0.230687147544 
-0.426126325193 0.516702476689 0.230098988949 
-0.426073252978 0.516787648481 0.229512592603 
-0.426020185834 0.516872362832 0.228928009424 
-0.425967123752 0.51695660743 0.228345365779 
-0.425914117725 0.517040375102 0.22776473666 
-0.425861294178 0.517123666179 0.227186121986 
-0.425808728177 0.517206486096 0.22660947067 
-0.425756419701 0.517288847826 0.226034656195 
-0.425704317732 0.517370759209 0.225461705395 
-0.425652295814 0.517452220572 0.224890871075 
-0.425600176862 0.517532232707 0.224322201305 
-0.425547707997 0.517608317802 0.223755443124 
-0.42549514705 0.517682003436 0.223190446288 
-0.42544350552 0.517760724574 0.222627210732 
-0.425392976016 0.517845897335 0.22206578738 
-0.425342546974 0.517930087167 0.221506302603 
-0.425291770728 0.51800988432 0.220948831398 
-0.4252410266 0.518087780129 0.220393373691 
-0.425190488829 0.518165233704 0.219839827399 
-0.42514003096 0.518242194787 0.219287939578 
-0.425089577901 0.518318633674 0.218737560002 
-0.425039129646 0.518394550688 0.21818868862 
-0.424988788182 0.518469930855 0.217641376375 
-0.424938806374 0.518544736566 0.217095749652 
-0.424889232361 0.518618955825 0.216551832471 
-0.424839813242 0.518692614243 0.216009498336 
-0.424790449837 0.518765722062 0.215468672107 
-0.424741268574 0.518838266958 0.214929353736 
-0.424692344518 0.518910262148 0.214391594167 
-0.424643677651 0.518981758525 0.213855519789 
-0.424595216953 0.519052750744 0.21332115462 
-0.424546835972 0.519123150612 0.212788372168 
-0.424498510612 0.519192926297 0.212257148292 
-0.424450367304 0.519262128692 0.21172760938 
-0.424402481111 0.519330788153 0.211199779455 
-0.424354852014 0.519398904993 0.210673532022 
-0.424307428997 0.519466489729 0.210148791947 
-0.424260085605 0.519533567963 0.209625559183 
-0.424212797745 0.519600155025 0.209103884678 
-0.424165691845 0.519666251224 0.208583894822 
-0.424118842971 0.519731861973 0.208065664634 
-0.424072251103 0.519797000223 0.20754919406 
-0.424025865225 0.519861668692 0.207034381041 
-0.423979558883 0.519925855043 0.206520972649 
-0.423933307983 0.519989562277 0.206008920676 
-0.423887238954 0.520052815985 0.205498477961 
-0.423841426862 0.52011564169 0.204989743613 
-0.423795871689 0.52017806498 0.204482591144 
-0.423750522416 0.520240085876 0.203976894423 
-0.423705252591 0.520301666743 0.203472526973 
-0.42366003812 0.520362795561 0.202969413676 
-0.423615005434 0.520423497916 0.202467554503 
-0.423570229596 0.520483799327 0.201966898426 
-0.423525710589 0.520543725375 0.20146731898 
-0.423481448394 0.520603316874 0.200968690067 
-0.423437442991 0.520662637333 0.200470885234 
-0.423393643364 0.520721729682 0.199973880394 
-0.423349923061 0.520780606849 0.199477801976 
-0.423306308985 0.520839281729 0.198982623058 
-0.423263054 0.520897767248 0.19848809075 
-0.423220308244 0.520956081395 0.197994156893 
-0.423178071686 0.521014249738 0.197501074364 
-0.423136242297 0.521072292673 0.197008840328 
-0.423094567177 0.521130223119 0.196517075462 
-0.423052947148 0.521188048861 0.196025656535 
-0.42301150864 0.521245770173 0.195534836437 
-0.422970377717 0.521303382231 0.195044816336 
-0.422929680796 0.521360872664 0.194555722662 
-0.422889390935 0.521418234238 0.194067528493 
-0.422849255233 0.521475467228 0.19357998094 
-0.42280922551 0.521532566807 0.193093082839 
-0.422769554632 0.521589520606 0.192607213504 
-0.422730290741 0.521646321389 0.19212244517 
-0.422691180938 0.521702969429 0.191638398501 
-0.422652177042 0.521759444601 0.191154899255 
-0.42261353192 0.521815696603 0.190672073874 
-0.422575344711 0.52187167528 0.190189997444 
-0.422537488951 0.521927330334 0.189708669962 
-0.422499889536 0.521982621814 0.189228040429 
-0.42246254645 0.522037524712 0.188747982408 
-0.422425459674 0.522092003898 0.188268471824 
-0.422388629191 0.522146009078 0.187789635122 
-0.422352105982 0.522199515608 0.187311496389 
-0.422316016464 0.522252536416 0.186833929187 
-0.422280384692 0.522305053798 0.186356858445 
-0.422245084203 0.52235700482 0.185880284171 
-0.422210039893 0.522408367532 0.185404206381 
-0.422175251748 0.522459180149 0.184928625082 
-0.422140719747 0.522509470587 0.184453642284 
-0.422106443877 0.52255925177 0.183979510866 
-0.422072373121 0.52260854169 0.183506380982 
-0.42203838103 0.522657365915 0.183034252616 
-0.422004494509 0.522705729543 0.182563023759 
-0.421970966425 0.522753607562 0.182092441524 
-0.421937895919 0.522801020937 0.181622457749 
-0.421905156529 0.522848058447 0.181153325314 
-0.421872622153 0.522894767825 0.180685143376 
-0.421840166342 0.522941136694 0.180217785484 
-0.421807765005 0.522987183316 0.179751227551 
-0.421775544574 0.523032971174 0.179285596007 
-0.421743580117 0.523078548273 0.178820914925 
-0.421711871618 0.523123940162 0.178357057855 
-0.421680419061 0.523169172314 0.177894000708 
-0.42164922243 0.523214270273 0.177431869916 
-0.421618281708 0.523259239111 0.17697074055 
-0.421587596879 0.523304053795 0.176510612594 
-0.42155711693 0.523348694463 0.176051486032 
-0.42152671541 0.523393148727 0.17559336085 
-0.421496368229 0.523437399135 0.175136237033 
-0.421466201819 0.523481420656 0.174680114565 
-0.421436291249 0.523525198531 0.174224993432 
-0.421406636504 0.523568733016 0.173770873619 
-0.421377186569 0.52361201927 0.173317806109 
-0.421347814995 0.523655044904 0.172865917321 
-0.421318497691 0.523697807768 0.172415180318 
-0.421289361091 0.52374032076 0.171965342202 
-0.421260480262 0.523782606943 0.171516252804 
-0.421231855189 0.523824704502 0.171067912122 
-0.421203485857 0.523866646412 0.170620320156 
-0.421175372249 0.523908458208 0.170173476904 
-0.42114751435 0.523950160252 0.169727433365 
-0.421119912144 0.523991765434 0.169282315972 
-0.421092565615 0.524033286605 0.168837995809 
-0.421065474749 0.524074736652 0.168393967119 
-0.421038639529 0.524116128423 0.167950082599 
-0.421012059939 0.524157474803 0.167506721591 
-0.420985735965 0.524198788639 0.167063956359 
-0.420959667591 0.524240082813 0.166621407596 
-0.420933854801 0.524281395668 0.166178850093 
-0.420908297581 0.524322803301 0.165736283882 
-0.420883046911 0.52436435609 0.165293658015 
-0.420858229212 0.524406066906 0.164850846089 
-0.420833919539 0.52444796898 0.16440762009 
-0.420810117866 0.524490125756 0.163963600755 
-0.420786875157 0.524532569892 0.163518562938 
-0.420764317822 0.524575288964 0.163072506718 
-0.420742469903 0.524618290979 0.162625279211 
-0.420721204928 0.524661614087 0.16217650119 
-0.42070044778 0.524705265726 0.161726100542 
-0.420680198433 0.52474920818 0.161274456687 
-0.420660507853 0.524793429338 0.160821692994 
-0.420641502453 0.524837954705 0.160367556666 
-0.420623257269 0.524882860706 0.159911693682 
-0.420605772268 0.524928299279 0.159453598399 
-0.420589098398 0.524974391315 0.158993021668 
-0.42057336206 0.525021212877 0.158530090071 
-0.420558536283 0.525068839794 0.158064929869 
-0.420544368151 0.525117348123 0.157597667629 
-0.420530809455 0.52516684938 0.157128276607 
-0.420518113045 0.525217508119 0.156656504047 
-0.420506378032 0.525269447598 0.156182403962 
-0.420495477935 0.525322731207 0.155706482231 
-0.420485337624 0.525377473125 0.155228784343 
-0.420475957064 0.52543386317 0.154748678209 
-0.420467336211 0.525492090583 0.154265839605 
-0.420459475032 0.525552345165 0.153780395117 
-0.420452424479 0.525614724341 0.153292420017 
-0.420446310954 0.525679190307 0.152801914442 
-0.420441209483 0.525745720639 0.152308827582 
-0.420437120021 0.525814315469 0.151813033133 
-0.420433991513 0.525884995297 0.151314609204 
-0.420431697477 0.525957810828 0.150813935244 
-0.420430213784 0.526032894187 0.150310930682 
